   1.3508909e+02
   2.1100106e+02
   4.7473215e+01
   8.2804273e+01
   6.4569418e+01
   1.3942011e+01
   5.0082169e+01
   2.4580677e+02
   4.6296238e+01
   2.7453637e+02
   4.9871100e+01
   2.2067186e+02
   9.8960861e+01
   3.1091375e+01
   2.3332445e+02
   3.7126688e+01
   2.3685157e+01
   8.5521758e+01
   2.2797434e+02
   2.1542907e+02
   3.3554818e+02
   4.9481755e+02
   2.5896597e+02
   2.0357481e+02
   1.2769561e+02
   4.0264654e+01
   2.2037704e+01
   3.1405523e+01
   1.0948302e+01
   1.9284942e+02
   1.0510867e+02
   2.9206626e+01
   3.5187529e+01
   1.0264365e+02
   1.3571726e+02
   2.0329976e+02
   5.2134248e+01
   3.8368811e+01
   4.1080827e+01
   4.4464408e+00
   1.4846697e+01
   1.2608647e+02
   7.5831237e+01
   7.4899666e+01
   6.4099705e+01
   1.5885129e+02
   4.8497977e+01
   4.3832239e+01
   4.2095293e+01
   4.3314378e+01
   4.1684855e+01
   3.8790965e+01
   4.2610395e+02
   3.5790046e+01
   8.0549084e+00
   2.9904168e+02
   3.7180261e+02
   7.5032924e+01
   3.8550412e+01
   2.0874599e+02
   2.7138104e+02
   1.9683594e+01
   1.0761862e+02
   3.6555219e+02
   3.9358571e+02
   2.8170320e+01
   2.9153183e+01
   4.4325884e+02
   5.9488661e+01
   2.4328130e+02
   2.0668302e+01
   5.3192022e+01
   9.9042730e+01
   3.5084470e+01
   2.8672035e+01
   4.8006544e+01
   7.0526534e+01
   9.7979683e+01
   7.9051214e+01
   8.7100231e+01
   3.6885898e+01
   2.0264395e+01
   2.7237891e+02
   1.4605653e+02
   2.2685762e+02
   1.1603284e+02
   3.3460146e+01
   1.4550262e+02
   7.3142360e+01
   1.2947773e+01
   4.6666681e+01
   3.9675647e+02
   3.2449022e+01
   1.9690040e+01
   9.5715662e+01
   1.6490547e+02
   4.6284587e+01
   1.1862102e+02
   1.1051099e+01
   9.3438986e+01
   4.4108229e+01
   4.9334474e+02
   8.0607150e+01
   3.8361024e+01
   3.4727503e+01
   3.2692205e+01
   1.6265343e+02
   5.4744189e+01
   1.8138059e+02
   6.5612719e+01
   4.2825891e+02
   4.9920486e+02
   1.4998430e+02
   1.1276331e+02
   4.5393500e+01
   2.0214176e+02
   4.0006425e+01
   1.6982245e+02
   1.6555057e+02
   2.3254535e+02
   1.1246856e+02
   5.6526143e+00
   8.6124346e+01
   1.8976611e+02
   4.2377404e+01
   1.7322185e+02
   1.4212968e+02
   6.3642334e+01
   3.1215786e+02
   5.0344782e+01
   2.2271874e+02
   7.5971416e+01
   5.3008596e+01
   3.1471124e+01
   1.7324122e+03
   1.2496988e+01
   1.9524251e+02
   5.2796772e+01
   6.3023916e+01
   3.2337131e+02
   1.2956097e+02
   7.4588690e+01
   4.7018964e+01
   1.1665867e+02
   5.4637392e+01
   7.7581654e+01
   7.6225893e+01
   4.1619987e+01
   4.4795464e+01
   2.0282404e+02
   4.4997871e+01
   1.0300384e+02
   1.6784491e+01
   5.2471443e+01
   9.0432852e+01
   2.9343543e+02
   5.5974198e+01
   2.9070994e+01
   2.7338047e+02
   3.2726891e+01
   3.3295936e+02
   5.3084161e+01
   8.1714059e+00
   3.1177326e+01
   4.0572784e+01
   1.3593217e+02
   7.9670682e+01
   7.0912120e+01
   6.9681203e+01
   4.5017995e+02
   4.1289355e+01
   6.9268143e+02
   1.6461848e+01
   3.4496185e+01
   1.1754530e+02
   1.8778425e+01
   4.7785565e+01
   1.2663642e+02
   1.2187418e+02
   3.7642466e+01
   1.0387975e+02
   1.5820352e+02
   1.8680690e+01
   5.0136420e+01
   1.0028546e+01
   9.7929790e+01
   2.2798225e+02
   4.9852468e+01
   1.4878359e+02
   3.5011681e+02
   1.7498333e+02
   1.7901949e+01
   1.7195940e+01
   2.4817926e+02
   2.1987188e+01
   5.2584041e+01
   3.4908378e+01
   9.6146271e+01
   1.7404053e+02
   3.8564556e+01
   1.6556278e+02
   1.0386506e+01
   6.6632640e+01
   1.9495762e+02
   2.1499803e+01
   4.6138369e+01
   2.1245475e+02
   4.3173783e+01
   1.0580532e+02
   8.2398059e+00
   3.8060443e+01
   2.5807236e+01
   4.5495201e+02
   3.5390054e+01
   7.5741420e+01
   4.7990926e+01
   1.9652896e+02
   1.8210848e+01
   6.8409100e+01
   1.5875541e+02
   7.4623218e+01
   1.3262433e+02
   2.4064463e+01
   2.4874198e+01
   1.2174770e+02
   7.7677396e+01
   7.6888102e+01
   7.7107468e+01
   4.8666660e+01
   1.7713901e+02
   7.9632930e+01
   1.8815514e+01
   3.3328772e+02
   1.0572093e+02
   1.1444484e+02
   7.8439447e+01
   1.0097773e+01
   4.0130381e+01
   8.9014315e+01
   6.7303906e+02
   1.4689741e+02
   6.6218740e+01
   1.3253684e+02
   2.1261181e+02
   6.1235363e+01
   4.4102488e+01
   1.5492228e+01
   3.0666962e+02
   3.2945661e+01
   5.4983878e+01
   1.3794432e+02
   1.9113856e+01
   1.3370697e+02
   4.4757967e+01
   1.6947059e+02
   3.3035334e+02
   1.1446257e+02
   1.3188278e+02
   1.2846322e+02
   1.2799906e+02
   1.7795915e+01
   7.3714624e+01
   1.1635759e+02
   2.2283186e+02
   9.2516302e+01
   9.5803164e+00
   2.3621187e+02
   3.1282821e+02
   3.0255894e+01
   8.8056182e+01
   3.0592627e+01
   1.3443023e+02
   3.7298744e+01
   5.4178805e+01
   6.2910825e+01
   7.1439499e+01
   2.9621231e+01
   1.2638289e+01
   2.9248054e+01
   5.2360943e+02
   1.0691251e+01
   8.8900903e+00
   1.1154260e+02
   5.8087973e+00
   7.9841117e+01
   5.4894381e+02
   3.5465245e+01
   1.3909743e+02
   4.6523049e+01
   2.7713181e+01
   7.5386770e+01
   2.5305958e+01
   1.8887633e+01
   2.8498529e+01
   3.4702547e+01
   1.3550313e+01
   3.7934895e+01
   1.5715505e+02
   2.2982076e+02
   6.2042568e+01
   5.1607355e+01
   5.6979710e+01
   1.7410405e+02
   1.1226681e+02
   2.3543234e+02
   2.4641473e+01
   3.1576795e+01
   1.1865215e+02
   2.2915923e+01
   3.3697778e+02
   3.8250048e+01
   8.9166219e+01
   4.7352382e+01
   3.9271407e+01
   3.9895579e+01
   3.0600066e+01
   2.0586300e+01
   9.6952031e+00
   1.7203790e+02
   2.1158230e+01
   2.8132875e+01
   5.3187922e+02
   1.4412713e+02
   1.1315482e+02
   7.3165862e+01
   4.5244866e+01
   9.4920201e+01
   1.1789217e+02
   3.1951158e+01
   4.6041412e+00
   7.4171120e+01
   1.1274202e+02
   2.9809792e+01
   3.9750748e+01
   2.1761269e+02
   1.1331861e+01
   1.2398574e+02
   2.5280511e+01
   2.3997913e+01
   1.4686005e+02
   1.2264945e+02
   1.5866482e+02
   5.5883869e+01
   2.4667608e+02
   9.8518351e+01
   2.0078581e+02
   2.9635910e+02
   3.5125548e+01
   7.5871873e+01
   9.4845431e+01
   2.5909197e+02
   9.0616018e+01
   7.0387295e+01
   2.2986948e+01
   1.3135196e+02
   4.4845007e+01
   1.4324471e+01
   5.0450187e+01
   2.7845823e+02
   4.5480475e+01
   8.7432173e+01
   2.2646382e+01
   1.0807563e+01
   4.5594650e+02
   1.3207200e+02
   1.3863544e+02
   1.2464679e+02
   4.0484435e+01
   7.1491454e+01
   1.0899675e+02
   2.4400136e+00
   6.4002425e+01
   3.0579976e+01
   1.3106157e+02
   1.5392856e+01
   2.0756575e+01
   4.4767078e+01
   5.6426688e+01
   6.6233188e+01
   2.7763689e+01
   4.2409615e+01
   7.5568729e+01
   3.8712579e+01
   3.6314616e+02
   2.9632774e+02
   3.0738798e+01
   2.0512012e+01
   1.9843513e+02
   1.9345096e+01
   1.4077846e+01
   4.6686139e+01
   1.1512899e+02
   6.7991494e+01
   5.5877048e+01
   6.2883188e+01
   7.4716123e+01
   1.4648101e+02
   3.8994508e+01
   5.8948194e+01
   2.7665489e+01
   2.2632245e+01
   2.3727601e+02
   2.0794834e+01
   1.5710730e+02
   1.7853719e+01
   1.1028350e+02
   1.2523542e+02
   4.2647389e+02
   5.6711538e+01
   1.9432387e+02
   4.0818275e+01
   3.8570765e+01
   2.9228767e+01
   1.2625805e+02
   3.5656504e+01
   1.4428781e+02
   3.6248261e+02
   2.9686303e+02
   2.2361938e+01
   1.2522219e+02
   1.0075891e+02
   2.1662911e+01
   1.2484221e+02
   2.6905804e+02
   4.9265694e+01
   2.5330339e+01
   5.0308739e+01
   2.7435973e+02
   3.2517269e+01
   1.5355072e+03
   3.2788061e+01
   3.2064588e+01
   7.3440457e+01
   7.7392294e+01
   1.1580617e+01
   2.5633441e+01
   4.0480227e+02
   2.6317339e+02
   9.7538259e+01
   8.8810164e+02
   1.0089711e+02
   8.3615008e+01
   1.8749843e+02
   8.0936858e+00
   1.3148112e+02
   2.0085515e+02
   1.7270290e+02
   1.6782618e+01
   2.6293239e+01
   2.9568605e+01
   4.0554360e+01
   1.0542932e+02
   3.4927212e+01
   1.6598872e+01
   3.4320944e+02
   1.1965757e+02
   1.1550130e+02
   7.4304228e+01
   3.1324725e+01
   4.4543315e+01
   2.0192030e+01
   2.3839044e+01
   4.8354517e+01
   2.2549795e+01
   5.1676332e+01
   2.3428424e+01
   1.0419074e+02
   2.8573882e+02
   5.6059338e+02
   1.9452192e+02
   2.9376356e+01
   6.4677467e+01
   9.4536761e+01
   6.3465296e+01
   3.5624424e+01
   9.0099315e+01
   5.9544998e+01
   2.3527907e+01
   3.2927146e+00
   1.2611888e+02
   1.6174938e+02
   4.1571245e+01
   3.4238697e+01
   1.8492088e+01
   9.4255970e+01
   8.0879604e+01
   1.4013179e+02
   1.2237092e+02
   1.4770066e+01
   7.6276395e+02
   1.4148283e+02
   6.7062154e+01
   4.5883444e+01
   2.1789356e+01
   3.2709586e+02
   2.3114026e+02
   6.4056736e+02
   1.0861491e+02
   2.9019439e+01
   1.7628069e+01
   1.1595898e+02
   1.8228581e+02
   5.1911141e+01
   3.8345107e+01
   1.5059578e+02
   4.9650295e+01
   2.3587003e+01
   8.7642880e+00
   5.7848068e+01
   7.7497908e+01
   5.5823845e+01
   2.1189741e+01
   3.3176987e+02
   1.4001973e+02
   3.8895239e+01
   2.8568437e+01
   2.5312239e+02
   1.9637074e+02
   5.5125366e+01
   1.2803259e+02
   6.5698745e+01
   6.1681586e+01
   2.1757706e+01
   4.8163612e+01
   1.3144306e+01
   8.4961354e+00
   3.5222819e+01
   1.1527631e+01
   8.4016936e+01
   1.2008637e+01
   2.4007901e+01
   5.3913788e+01
   8.9846735e+01
   8.0344422e+00
   3.9538023e+01
   3.2756024e+01
   1.2800325e+02
   6.7694462e+01
   1.6085189e+02
   2.0482857e+01
   3.3545076e+02
   4.8503060e+00
   2.9959121e+02
   3.5172771e+01
   4.4456872e+01
   1.1305469e+01
   1.4181878e+02
   2.4218050e+01
   2.1723871e+02
   1.2485071e+01
   1.7583425e+02
   4.3219651e+01
   9.2650949e+01
   1.7596688e+02
   1.6650638e+01
   2.8252114e+01
   1.3753814e+01
   1.2875316e+02
   1.7345919e+02
   8.6754276e+01
   3.3161585e+01
   1.2521313e+02
   4.0434937e+01
   1.0465333e+02
   1.9325461e+01
   7.1354231e+01
   1.1444417e+02
   1.0622059e+02
   2.2058392e+01
   4.0156189e+02
   4.2766375e+01
   8.6558045e+01
   5.3990891e+01
   2.2353158e+02
   3.1706979e+01
   1.7732368e+02
   2.9450721e+02
   2.0648077e+01
   1.3253709e+01
   5.2040049e+01
   9.2540021e+01
   4.6578846e+01
   4.7289762e+01
   1.2070515e+01
   6.0532104e+01
   5.4255999e+01
   1.5577942e+02
   7.5017038e+01
   2.9282037e+01
   2.8162155e+02
   2.6388987e+02
   3.5959943e+01
   1.8438477e+01
   3.1296372e+01
   2.1535120e+02
   6.5404859e+01
   3.0023824e+01
   3.7426817e+01
   1.4447894e+02
   1.6059014e+01
   2.3844519e+01
   3.4254314e+01
   2.6938081e+01
   1.4719700e+02
   6.4025275e+02
   1.0189168e+02
   7.3972836e+01
   2.8676343e+02
   3.9296595e+02
   6.8495131e+01
   1.7468610e+02
   6.2623202e+01
   4.0390623e+02
   2.2456339e+02
   1.2613668e+02
   1.6527450e+02
   1.0289980e+02
   4.7879756e+01
   4.0957700e+01
   2.2926317e+01
   5.4286310e+01
   1.3247416e+02
   8.6999782e+01
   6.2641392e+01
   3.0135529e+01
   3.3213302e+01
   9.3786758e+01
   4.6881829e+02
   5.1987486e+01
   1.5812736e+02
   6.7307902e+01
   1.5334330e+02
   2.3316960e+02
   2.6563578e+01
   1.5053349e+01
   6.0145196e+01
   3.4486682e+01
   2.7971413e+02
   7.1225698e+02
   4.3857906e+02
   1.5002601e+02
   1.5794750e+02
   4.0696997e+01
   5.5708772e+01
   1.4362476e+02
   5.0445452e+01
   4.0064842e+01
   1.4337163e+01
   9.2901287e+01
   1.4109371e+02
   1.9260150e+02
   3.9355155e+01
   1.7778245e+02
   9.3108483e+01
   2.2171592e+01
   1.0251996e+02
   8.6780892e+01
   1.6504783e+02
   2.1328002e+02
   2.2303675e+02
   7.3481552e+01
   7.5665037e+01
   1.0777993e+02
   1.5766883e+03
   4.8212124e+01
   1.2590102e+02
   3.4410352e+02
   2.3927488e+01
   1.2606828e+02
   9.4627160e+01
   1.2620439e+02
   1.2001997e+02
   3.0005090e+02
   2.7740242e+01
   2.9125436e+02
   9.5926690e+01
   2.2142536e+03
   3.5170377e+02
   1.1193587e+02
   6.5508115e+01
   7.4340780e+01
   2.5669029e+01
   1.0611034e+02
   3.9883997e+01
   3.4520412e+02
   6.1017128e+01
   2.9748380e+01
   7.9972582e+01
   5.4302916e+01
   2.3134590e+01
   4.1387021e+01
   6.1096404e+01
   4.3204236e+01
   2.1626820e+02
   1.0008156e+02
   1.8097022e+01
   4.2979753e+02
   1.9828475e+02
   2.0727819e+01
   3.8441195e+01
   5.1493450e+01
   8.7187660e+01
   3.4750949e+01
   1.0781395e+02
   2.4559341e+01
   2.8318424e+02
   1.7766044e+02
   2.0895045e+01
   1.0562293e+02
   1.0758187e+02
   5.5811365e+01
   2.9960908e+01
   4.2001368e+01
   3.0129530e+02
   2.3166527e+01
   5.7548781e+01
   7.4212100e+01
   7.7843529e+01
   2.4793662e+01
   3.1573845e+01
   5.5391127e+02
   1.4940298e+02
   4.0416509e+01
   6.5249187e+01
   5.5728590e+00
   3.5463721e+01
   3.8041990e+02
   5.5535866e+01
   6.2180039e+01
   4.0587768e+01
   6.0335145e+01
   9.7434537e+01
   8.2538088e+01
   3.4240681e+01
   4.3572692e+01
   4.3078747e+01
   1.5217203e+01
   9.3475683e+01
   5.7084173e+02
   1.2137783e+02
   1.1292097e+02
   6.3072041e+01
   6.4766321e+02
   5.0795734e+02
   3.6248725e+02
   5.0257005e+01
   3.2747386e+01
   2.7149307e+01
   2.1300590e+01
   2.3976567e+01
   1.8254779e+02
   1.3379836e+02
   3.2369030e+01
   3.7280636e+02
   7.4291591e+01
   1.7431327e+02
   7.1084851e+01
   2.6580580e+02
   5.3729061e+01
   3.4973177e+01
   1.1567927e+01
   1.3700418e+02
   1.0192115e+02
   6.5856785e+01
   2.9290145e+02
   8.2581297e+01
   2.9183341e+01
   5.4330463e+01
   5.5434816e+01
   1.0847181e+02
   4.2384829e+02
   1.5121751e+01
   1.4113471e+01
   5.4961725e+01
   1.3692553e+02
   5.5604398e+01
   2.7857019e+01
   2.2114617e+01
   6.3405559e+01
   2.7682982e+01
   6.0956834e+01
   9.3831790e+01
   2.0598011e+02
   1.1514704e+02
   9.0293027e+01
   4.8744500e+01
   1.8120715e+01
   6.6914040e+01
   1.0141376e+02
   7.4809829e+01
   5.9684880e+01
   2.9562462e+01
   1.4566669e+02
   5.2129497e+01
   2.9885921e+01
   1.0316255e+02
   2.0338339e+02
   2.2438218e+01
   7.0194073e+00
   3.2587271e+01
   1.5186581e+01
   1.3886599e+02
   1.3813451e+02
   6.9461305e+01
   7.1776726e+01
   9.2958024e+01
   6.7956151e+01
   3.1203546e+01
   4.0381192e+01
   2.2876403e+02
   8.5070065e+00
   6.4147773e+01
   8.2974000e+01
   6.1042918e+01
   2.9254174e+02
   2.2548305e+01
   1.3495235e+02
   1.0154019e+02
   4.8579945e+01
   1.8422336e+02
   6.7939474e+01
   2.5767542e+01
   4.5705741e+02
   3.6606448e+01
   2.2506533e+01
   4.5324526e+01
   3.0551087e+02
   3.9268483e+01
   5.7508641e+01
   9.3568975e+01
   4.0343926e+02
   1.8492576e+01
   1.3654473e+02
   7.9962986e+01
   8.9111094e+01
   2.3069412e+01
   4.0399999e+01
   2.1954842e+02
   7.4313083e+01
   8.2737765e+01
   4.1890243e+01
   2.7428525e+01
   9.3556731e+01
   4.1930159e+01
   2.6610488e+01
   7.5318185e+01
   2.0033060e+02
   1.7994872e+02
   1.0394416e+02
   3.3773549e+01
   2.9113289e+02
   1.2998293e+02
   1.3766491e+02
   8.5924952e+01
   2.5934982e+02
   3.6788585e+01
   1.4925736e+02
   1.7761177e+03
   9.3456959e+01
   6.2597716e+01
   5.5515802e+01
   1.2849609e+02
   3.2293932e+01
   9.2909901e+01
   8.3188193e+01
   9.9915588e+01
   5.5425913e+01
   1.0380096e+02
   6.8875878e+01
   4.7285667e+02
   2.9208510e+01
   1.1267317e+02
   4.7090900e+01
   2.4680852e+02
   3.0384729e+01
   6.5257574e+01
   1.7883599e+02
   2.6517739e+01
   7.1061891e+01
   3.6258260e+01
   1.4329848e+01
   8.2713045e+01
   2.4603597e+01
   8.6409593e+01
   7.9034209e+01
   5.8956814e+01
   4.6497292e+01
   2.3862069e+01
   2.7747188e+01
   6.2257425e+01
   3.2357050e+01
   4.1839820e+01
   9.9129089e+01
   2.0187918e+01
   1.4408149e+02
   1.2137823e+02
   1.2419116e+02
   9.7947242e+01
   2.6104881e+01
   2.3584351e+02
   3.6350591e+01
   3.6546103e+01
   7.5600907e+01
   9.5312263e+01
   1.3140471e+02
   1.5261861e+02
   1.0630699e+02
   1.3822391e+02
   4.3576247e+01
   1.1640384e+01
   2.9077116e+02
   7.7551173e+01
   1.3953788e+01
   5.9667422e+01
   5.5366944e+01
   1.8041600e+02
   1.9343061e+02
   3.3224414e+02
   1.1779576e+02
   2.0285757e+01
   5.6736950e+01
   1.2777208e+02
   5.0329059e+01
   7.3166683e+01
   1.4853612e+02
   1.0203547e+02
   4.2455267e+01
   8.1702564e+01
   1.5257983e+01
   2.4900247e+01
   3.7536180e+01
   1.7195590e+01
   1.0137109e+02
   4.0391005e+02
   2.1305118e+02
   9.5781915e+01
   3.8066526e+01
   5.3013646e+01
   6.9702614e+02
   5.7242056e+02
   5.3455437e+01
   1.0676957e+02
   1.0138627e+02
   2.7211389e+02
   2.0846031e+02
   7.6964128e+01
   1.3324684e+02
   1.9364962e+02
   5.1216673e+01
   1.2361835e+02
   3.2766310e+02
   6.2806233e+02
   3.2210778e+02
   1.7276769e+01
   3.3137122e+01
   1.0573311e+02
   4.9894135e+01
   8.5111789e+01
   6.9454793e+01
   4.2733948e+01
   1.3199629e+01
   7.4708252e+01
   1.7745924e+02
   4.2781596e+01
   1.2331634e+01
   8.4988766e+01
   9.7209527e+01
   8.8518762e+01
   5.0101067e+01
   6.7507880e+01
   1.9169305e+02
   4.2031979e+01
   5.0291412e+01
   2.2467283e+01
   1.3018530e+02
   5.6706549e+01
   1.6058003e+01
   1.7244131e+02
   1.1955749e+02
   1.0666382e+01
   1.9018237e+02
   2.8169465e+02
   1.2999207e+01
   5.1073693e+01
   3.1325906e+02
   4.6425021e+01
   2.5020699e+02
   6.3723482e+01
   3.4166987e+02
   1.0896828e+02
   3.1307682e+02
   4.2143744e+01
   1.0713500e+01
   2.6097078e+01
   1.2518284e+01
   5.9469699e+01
   1.3088465e+01
   1.1647938e+02
   3.0485740e+02
   8.3559623e+01
