   9.1131193e+01   1.8467555e+02   2.7007491e+02   7.7453615e-02
   1.4075807e+02   2.8443489e+02   4.2031825e+02   2.7629025e+00
   3.1816050e+01   6.6939330e+01   9.4143267e+01   2.1023722e+00
   5.6383126e+01   1.1276935e+02   1.6484818e+02   5.7027441e-01
   4.3229013e+01   9.1052141e+01   1.2766947e+02   2.6020263e+00
   1.0117972e+01   2.0873468e+01   2.6210140e+01   1.2554112e+00
   3.3800540e+01   6.8348084e+01   9.9236592e+01   6.9580940e-01
   1.6509102e+02   3.3152403e+02   4.9098886e+02   4.6850809e-01
   3.1379654e+01   6.5397745e+01   9.1638452e+01   2.2155174e+00
   1.8371953e+02   3.6884721e+02   5.4880372e+02   2.0177027e-01
   3.4102187e+01   7.0122135e+01   9.8204998e+01   1.1529023e+00
   1.4668028e+02   2.9722937e+02   4.3957284e+02   2.8281591e+00
   6.6409376e+01   1.3508992e+02   1.9676234e+02   8.6953692e-01
   2.2432440e+01   4.5516941e+01   6.0440065e+01   1.3070132e+00
   1.5602122e+02   3.1546284e+02   4.6535519e+02   9.7028567e-01
   2.5518052e+01   5.3336347e+01   7.2798414e+01   2.5912225e+00
   1.5167866e+01   3.6337640e+01   4.5802036e+01   2.6762093e+00
   5.8634895e+01   1.1794202e+02   1.7097686e+02   4.9989203e-02
   1.5309381e+02   3.0895154e+02   4.5572397e+02   1.6852724e-01
   1.4378787e+02   2.8859062e+02   4.3027511e+02   4.3726810e-01
   2.2424480e+02   4.5065234e+02   6.7020978e+02   2.1649324e+00
   3.3013628e+02   6.6252757e+02   9.8894327e+02   2.0188635e+00
   1.7274965e+02   3.4745606e+02   5.1654581e+02   1.0395976e+00
   1.3708774e+02   2.7629734e+02   4.0646067e+02   5.1671090e-01
   8.5417847e+01   1.7278065e+02   2.5424453e+02   2.3600182e+00
   2.7759442e+01   5.8102270e+01   8.0094365e+01   1.8262073e+00
   1.5899481e+01   3.2763772e+01   4.3986762e+01   6.6484124e-02
   2.0955068e+01   4.4757293e+01   6.0946140e+01   1.3986793e+00
   7.6623201e+00   1.7433848e+01   2.0425798e+01   2.6031035e+00
   1.2894151e+02   2.5993706e+02   3.8388446e+02   1.3607851e+00
   7.0739436e+01   1.4461440e+02   2.0992976e+02   1.7156818e+00
   1.9879432e+01   4.3474648e+01   5.7127422e+01   2.4643730e+00
   2.4880053e+01   4.9554026e+01   6.9419916e+01   7.1635665e-01
   6.9615833e+01   1.4016620e+02   2.0421233e+02   8.0622207e-01
   9.0868339e+01   1.8377130e+02   2.7053542e+02   2.1743291e+00
   1.3582681e+02   2.7501635e+02   4.0533357e+02   9.4946196e-01
   3.5306042e+01   7.1581841e+01   1.0345902e+02   6.0711047e-01
   2.5865206e+01   5.4238810e+01   7.5796764e+01   7.0564387e-01
   2.7764141e+01   5.9198351e+01   8.1152868e+01   7.5659016e-01
   3.5016274e+00   8.9173817e+00   8.2118842e+00   2.0107480e+00
   9.7124100e+00   2.2413006e+01   2.8170139e+01   2.6424403e+00
   8.4029158e+01   1.7057369e+02   2.5084848e+02   2.4933440e+00
   5.0631094e+01   1.0601407e+02   1.5148627e+02   1.6321514e+00
   4.9197899e+01   1.0283694e+02   1.4837532e+02   2.5680090e+00
   4.3329404e+01   8.9200402e+01   1.2682889e+02   2.5278903e+00
   1.0755135e+02   2.1509241e+02   3.1736638e+02   2.5214954e-01
   3.2672285e+01   6.8005188e+01   9.6492870e+01   1.8773129e+00
   3.0410335e+01   6.1841954e+01   8.6333452e+01   9.9826990e-01
   2.8608367e+01   6.0073134e+01   8.3627530e+01   1.9222911e+00
   2.9346221e+01   6.0635518e+01   8.5365711e+01   9.4728450e-01
   2.9253737e+01   6.0456395e+01   8.3355607e+01   1.0577361e-02
   2.6781761e+01   5.4689149e+01   7.6550318e+01   7.7370808e-01
   2.8409481e+02   5.7195094e+02   8.5192562e+02   1.7117135e+00
   2.4553227e+01   5.2006271e+01   7.1222604e+01   1.7681167e+00
   5.9240994e+00   1.4815048e+01   1.5792346e+01   1.7381029e+00
   1.9954645e+02   4.0155549e+02   5.9635626e+02   1.2953186e+00
   2.4805908e+02   4.9945020e+02   7.4237952e+02   2.4192785e+00
   5.0671888e+01   1.0464883e+02   1.4964668e+02   1.8143734e+00
   2.5776878e+01   5.5981763e+01   7.6203629e+01   2.1728960e+00
   1.3999246e+02   2.8219345e+02   4.1634182e+02   8.6262095e-01
   1.8143444e+02   3.6595925e+02   5.4200160e+02   2.0703561e+00
   1.3696444e+01   2.9026714e+01   3.8067749e+01   2.4745797e+00
   7.2397483e+01   1.4709857e+02   2.1355621e+02   1.2607757e+00
   2.4378499e+02   4.8974147e+02   7.2996173e+02   8.5699201e-01
   2.6399409e+02   5.2862230e+02   7.8655179e+02   4.6471923e-01
   1.9096886e+01   4.0842665e+01   5.6292424e+01   1.5361622e+00
   2.0489378e+01   4.3129713e+01   5.7934963e+01   2.7855215e-01
   2.9680964e+02   5.9594095e+02   8.8634969e+02   1.6259932e+00
   4.0252554e+01   8.2224819e+01   1.1755424e+02   1.0673122e+00
   1.6238662e+02   3.2916815e+02   4.8480746e+02   1.3163587e+00
   1.4143754e+01   3.0686596e+01   4.0615291e+01   2.0409852e+00
   3.6622159e+01   7.5471557e+01   1.0526554e+02   8.3887649e-01
   6.6753261e+01   1.3477762e+02   1.9742255e+02   1.9971821e+00
   2.2603714e+01   5.0533238e+01   6.8649919e+01   2.6392664e+00
   2.0540451e+01   4.1734748e+01   5.7142524e+01   1.5115901e-01
   3.2497814e+01   6.8404818e+01   9.4640416e+01   2.5295040e+00
   4.7570317e+01   9.6845603e+01   1.4055503e+02   3.7352435e-01
   6.5778822e+01   1.3494576e+02   1.9552771e+02   1.8237396e+00
   5.3149802e+01   1.0886050e+02   1.5731294e+02   5.9211942e-01
   5.8319846e+01   1.1689402e+02   1.7319905e+02   7.5105656e-01
   2.4584429e+01   5.2308412e+01   7.3095079e+01   2.0075368e+00
   1.4034404e+01   3.1504445e+01   3.8966747e+01   2.6715317e+00
   1.8192182e+02   3.6639960e+02   5.4351245e+02   2.4340239e+00
   9.8713058e+01   1.9795131e+02   2.9126011e+02   6.3971346e-01
   1.5149882e+02   3.0522053e+02   4.5216302e+02   2.6641604e+00
   7.7727232e+01   1.5886220e+02   2.3200619e+02   1.5446099e+00
   2.2562968e+01   4.6702162e+01   6.5242133e+01   1.2586187e+00
   9.8203885e+01   1.9784503e+02   2.9019939e+02   6.0438087e-01
   4.8205164e+01   1.0172967e+02   1.4451226e+02   2.8293456e+00
   8.5938206e+00   2.0662407e+01   2.4146794e+01   2.8115641e+00
   3.1662684e+01   6.5147739e+01   9.2056937e+01   9.5731809e-01
   2.6566354e+02   5.3130532e+02   7.9265276e+02   6.4513666e-01
   2.2170374e+01   4.6447727e+01   6.3815683e+01   8.1177082e-01
   1.2958178e+01   3.0458850e+01   3.8137278e+01   2.4321008e+00
   6.4944849e+01   1.3056400e+02   1.8967337e+02   1.3184676e+00
   1.0956557e+02   2.2254133e+02   3.2783075e+02   1.4851403e+00
   3.1657119e+01   6.4978267e+01   9.1566144e+01   7.5227272e-01
   8.0571448e+01   1.6126915e+02   2.3531191e+02   1.4476028e+00
   7.3372737e+00   1.7905002e+01   2.0288167e+01   2.8605229e+00
   6.2226086e+01   1.2885741e+02   1.8646576e+02   1.8091581e+00
   3.0704638e+01   6.1999830e+01   8.8189716e+01   1.5200569e+00
   3.2897143e+02   6.6104916e+02   9.8522819e+02   2.5959719e+00
   5.3625033e+01   1.1080281e+02   1.5921447e+02   1.4998695e+00
   2.5431785e+01   5.4477666e+01   7.5646810e+01   2.3064291e+00
   2.3340843e+01   4.9468153e+01   6.7915661e+01   1.1545081e+00
   2.1476678e+01   4.6418679e+01   6.3626946e+01   2.8180978e+00
   1.0757717e+02   2.2033617e+02   3.2361306e+02   2.7703496e+00
   3.7459577e+01   7.5894426e+01   1.0780160e+02   1.2650817e+00
   1.2138731e+02   2.4491024e+02   3.6112286e+02   1.2287356e+00
   4.3668725e+01   9.0904005e+01   1.3008078e+02   2.3584897e+00
   2.8664668e+02   5.7447659e+02   8.5633569e+02   1.3658851e-01
   3.3371155e+02   6.6831043e+02   9.9755236e+02   6.4302032e-01
   9.9685981e+01   2.0189546e+02   2.9831196e+02   1.2424722e+00
   7.5549974e+01   1.5376446e+02   2.2455399e+02   2.2294722e+00
   3.1768442e+01   6.4032704e+01   8.9801739e+01   7.3894498e-01
   1.3488099e+02   2.7336432e+02   4.0301916e+02   2.4482743e+00
   2.7624377e+01   5.6296153e+01   7.9817987e+01   1.4614742e-01
   1.1371041e+02   2.3040714e+02   3.3857868e+02   2.2996605e+00
   1.1074888e+02   2.2377155e+02   3.2924159e+02   1.3946621e+00
   1.5561414e+02   3.1303436e+02   4.6364242e+02   1.0862055e+00
   7.5423791e+01   1.5244156e+02   2.2379550e+02   8.5621783e-01
   3.3015908e+00   1.1327843e+01   1.0034410e+01   2.4531142e+00
   5.8115268e+01   1.1922972e+02   1.7159391e+02   4.9108942e-01
   1.2720433e+02   2.5708511e+02   3.7854578e+02   7.3982195e-01
   2.9065593e+01   6.1683532e+01   8.3838054e+01   2.1875660e+00
   1.1550520e+02   2.3365015e+02   3.4454901e+02   1.4210284e+00
   9.5342919e+01   1.9375298e+02   2.8396005e+02   2.2447593e-01
   4.2479005e+01   8.9153123e+01   1.2692865e+02   1.7670117e+00
   2.0918702e+02   4.2058480e+02   6.2276148e+02   1.1656825e+00
   3.3485324e+01   7.0240215e+01   1.0052103e+02   1.6264009e+00
   1.4843780e+02   3.0090585e+02   4.4487720e+02   1.9202064e+00
   5.1351331e+01   1.0460241e+02   1.5139848e+02   1.9082615e+00
   3.5609591e+01   7.3484608e+01   1.0514948e+02   2.1507844e+00
   2.1966030e+01   4.5708962e+01   6.1298528e+01   1.2327908e+00
   1.1557530e+03   2.3142240e+03   3.4648050e+03   1.5145360e+00
   8.3689684e+00   2.1048463e+01   2.3252426e+01   2.8061623e+00
   1.3152015e+02   2.6235113e+02   3.9025859e+02   1.6983027e-01
   3.5706002e+01   7.4089184e+01   1.0381031e+02   1.3374294e+00
   4.2622564e+01   8.7737958e+01   1.2514754e+02   2.1752174e+00
   2.1630444e+02   4.3471809e+02   6.4557126e+02   8.7851176e-01
   8.6606499e+01   1.7718982e+02   2.5825900e+02   2.1472028e+00
   5.1383382e+01   1.0194370e+02   1.4779458e+02   1.0371012e+00
   3.2232257e+01   6.5437856e+01   9.3291210e+01   5.6003836e-01
   7.9196032e+01   1.6014981e+02   2.3323112e+02   1.5646634e+00
   3.6774599e+01   7.8159797e+01   1.0821204e+02   2.2970550e+00
   5.1830855e+01   1.0733730e+02   1.5369104e+02   2.6042008e+00
   5.1716369e+01   1.0534713e+02   1.5204746e+02   1.8032486e+00
   2.7715841e+01   5.7362396e+01   8.1640471e+01   1.1996274e+00
   3.0611122e+01   6.3761058e+01   8.8741502e+01   2.1370701e+00
   1.3552908e+02   2.7454687e+02   4.0533205e+02   1.7370279e+00
   2.9852874e+01   6.1925106e+01   8.8357933e+01   1.2283565e+00
   6.8209750e+01   1.4118688e+02   2.0535851e+02   1.9868703e+00
   1.2689763e+01   2.6303382e+01   3.3129742e+01   3.2942982e-01
   3.5224742e+01   7.4399274e+01   1.0464035e+02   1.7269043e+00
   6.1188070e+01   1.2440869e+02   1.8009268e+02   2.0797704e+00
   1.9616921e+02   3.9479609e+02   5.8660337e+02   1.7006157e+00
   3.7265656e+01   7.7729034e+01   1.1028406e+02   1.2482532e+00
   2.0879710e+01   4.1627171e+01   5.7620344e+01   3.9123253e-01
   1.8288645e+02   3.6898274e+02   5.4550077e+02   2.4451211e+00
   2.1802299e+01   4.6678286e+01   6.3918917e+01   1.1511480e+00
   2.2295381e+02   4.4872983e+02   6.6545894e+02   3.4483298e-01
   3.4957681e+01   7.5159192e+01   1.0469115e+02   2.6078753e+00
   5.8098438e+00   1.4555868e+01   1.5595402e+01   5.6055713e-01
   2.1244766e+01   4.4079718e+01   6.0643178e+01   1.2836066e+00
   2.8063049e+01   5.7480733e+01   8.0378471e+01   5.7532258e-01
   9.1493864e+01   1.8508478e+02   2.7126891e+02   4.4657623e-01
   5.2516008e+01   1.0816562e+02   1.5786567e+02   2.6067675e+00
   4.8126927e+01   9.8351734e+01   1.3990135e+02   2.9421647e+00
   4.6554075e+01   9.6784145e+01   1.3741344e+02   2.9617213e+00
   3.0024927e+02   6.0366814e+02   9.0015912e+02   1.6505878e+00
   2.9204447e+01   5.7985685e+01   8.2005924e+01   4.2958945e-01
   4.6155812e+02   9.2600027e+02   1.3845497e+03   2.1099034e+00
   1.1203894e+01   2.3180125e+01   3.1395598e+01   1.1460740e+00
   2.3133676e+01   4.9516887e+01   6.8237935e+01   2.0658256e+00
   7.8319848e+01   1.5909366e+02   2.3331618e+02   1.3308236e+00
   1.3212973e+01   2.8832627e+01   3.6688109e+01   2.1515562e+00
   3.2639352e+01   6.7712802e+01   9.4632104e+01   2.2042700e+00
   8.5148593e+01   1.7136717e+02   2.5305234e+02   1.6536898e-01
   8.1827902e+01   1.6423626e+02   2.4193982e+02   1.3564056e+00
   2.5445987e+01   5.2753924e+01   7.5139557e+01   1.0903112e-01
   7.0009673e+01   1.4223838e+02   2.0644472e+02   2.4860869e+00
   1.0482210e+02   2.1453763e+02   3.1485590e+02   2.6633519e+00
   1.2606955e+01   2.8169272e+01   3.5421730e+01   2.9547380e+00
   3.4356675e+01   7.1329026e+01   9.8564850e+01   1.2809933e+00
   6.9598929e+00   1.6017821e+01   1.9850145e+01   1.6552097e+00
   6.6945112e+01   1.3458759e+02   1.9571475e+02   1.0862096e-01
   1.5309400e+02   3.0895596e+02   4.5584128e+02   1.5924096e+00
   3.4078720e+01   7.0555587e+01   9.8867556e+01   6.2803508e-01
   9.9643712e+01   2.0216445e+02   2.9571971e+02   1.3856049e+00
   2.3427417e+02   4.7024671e+02   6.9975197e+02   1.8612416e+00
   1.1710591e+02   2.3595071e+02   3.4878295e+02   8.8778160e-01
   1.2353860e+01   2.7912089e+01   3.5210025e+01   1.9454051e+00
   1.0908788e+01   2.5095714e+01   3.3159556e+01   2.4242432e+00
   1.6642611e+02   3.3438007e+02   4.9468376e+02   1.2560701e+00
   1.4429755e+01   3.2918063e+01   4.2280588e+01   2.7703410e+00
   3.5945509e+01   7.2365750e+01   1.0367236e+02   1.1217887e+00
   2.4182267e+01   5.0226366e+01   6.9278927e+01   1.9033724e+00
   6.4080222e+01   1.3023304e+02   1.9098501e+02   9.8064564e-01
   1.1540651e+02   2.3565525e+02   3.4646596e+02   2.7113231e+00
   2.5893688e+01   5.5424155e+01   7.6185552e+01   2.2076705e+00
   1.1158606e+02   2.2559712e+02   3.3070060e+02   3.1872967e-01
   6.9155608e+00   1.7173927e+01   2.0253553e+01   1.8895939e+00
   4.5681451e+01   9.3049661e+01   1.3272549e+02   4.0484384e-01
   1.3090612e+02   2.6328978e+02   3.8963474e+02   2.1037984e-01
   1.5639458e+01   3.3504942e+01   4.2527719e+01   1.8539156e+00
   3.1377194e+01   6.4990122e+01   9.1263239e+01   7.6012378e-01
   1.4268475e+02   2.8610654e+02   4.2304242e+02   1.4003059e+00
   2.8665504e+01   6.0765143e+01   8.4425321e+01   2.9416836e+00
   7.1189301e+01   1.4224423e+02   2.1044338e+02   8.7544619e-01
   5.5318124e+00   1.4752156e+01   1.6314228e+01   1.6240382e+00
   2.6001487e+01   5.3675300e+01   7.4507220e+01   1.2102496e+00
   1.7728619e+01   3.6392157e+01   5.0726807e+01   6.6574888e-01
   3.0441385e+02   6.1113969e+02   9.0891539e+02   2.2414746e+00
   2.2928056e+01   4.8690063e+01   6.8828269e+01   1.4638787e+00
   5.0919296e+01   1.0473495e+02   1.5093624e+02   4.0994921e-01
   3.2695607e+01   6.7141052e+01   9.5293445e+01   2.0163054e+00
   1.3214331e+02   2.6456746e+02   3.9299913e+02   4.4091929e-02
   1.3610182e+01   2.7306761e+01   3.6350967e+01   5.3046851e-02
   4.6496376e+01   9.5132611e+01   1.3607363e+02   5.5842439e-01
   1.0551506e+02   2.1344361e+02   3.1559260e+02   1.4386632e+00
   4.9806223e+01   1.0261894e+02   1.4776404e+02   2.6117955e+00
   8.9869776e+01   1.8107472e+02   2.6465185e+02   4.4760589e-01
   1.6244134e+01   3.4441129e+01   4.7579252e+01   1.9122552e+00
   1.8209067e+01   3.7136650e+01   4.9383145e+01   2.7393772e-01
   8.0911101e+01   1.6593836e+02   2.4273376e+02   2.0712366e+00
   5.3053115e+01   1.0795448e+02   1.5432367e+02   2.2733439e+00
   5.2719151e+01   1.0673634e+02   1.5365446e+02   9.1308779e-02
   5.2025641e+01   1.0615717e+02   1.5404607e+02   1.6266508e+00
   3.4277973e+01   6.7773912e+01   9.7174092e+01   1.1942131e-01
   1.1950952e+02   2.3872343e+02   3.5412619e+02   1.1387634e-01
   5.2747666e+01   1.0888045e+02   1.5737307e+02   2.9195921e+00
   1.2954310e+01   2.9469814e+01   3.7517528e+01   1.5851239e+00
   2.2304874e+02   4.4707840e+02   6.6500548e+02   1.1774678e+00
   7.0702471e+01   1.4536502e+02   2.1117424e+02   1.7007091e+00
   7.6196730e+01   1.5608005e+02   2.2713297e+02   2.8175263e+00
   5.2296226e+01   1.0858504e+02   1.5599267e+02   2.1646709e+00
   7.1215896e+00   1.5863052e+01   1.9363707e+01   6.2387980e-01
   2.7702118e+01   5.6953882e+01   7.9530429e+01   5.4775013e-01
   5.9698529e+01   1.2198192e+02   1.7731347e+02   2.0363737e+00
   4.4870498e+02   9.0143304e+02   1.3443004e+03   1.3332852e+00
   9.8118529e+01   1.9974214e+02   2.9376335e+02   1.5235989e+00
   4.3397628e+01   9.1446385e+01   1.3160168e+02   2.1268505e+00
   8.9392621e+01   1.7902385e+02   2.6377108e+02   9.7695328e-01
   1.4222543e+02   2.8835011e+02   4.2435185e+02   6.5383423e-01
   4.0169121e+01   8.4710001e+01   1.2048162e+02   2.9918271e+00
   3.0894686e+01   6.1847709e+01   8.7353850e+01   6.3834439e-01
   1.0879709e+01   2.2225937e+01   3.0112143e+01   6.5423568e-01
   2.0498335e+02   4.1200843e+02   6.1235386e+02   7.3904180e-01
   2.1723740e+01   4.7234724e+01   6.4457329e+01   1.0754939e+00
   3.7529865e+01   7.8068719e+01   1.0886726e+02   8.2536920e-01
   9.1241847e+01   1.8713395e+02   2.7391501e+02   2.9802247e+00
   1.3162183e+01   2.8769818e+01   3.7378591e+01   6.3684098e-01
   8.8471379e+01   1.8252297e+02   2.6623211e+02   2.3863721e+00
   3.1067071e+01   6.3457998e+01   8.8508676e+01   7.5544324e-01
   1.1365226e+02   2.2903656e+02   3.3796185e+02   7.3449448e-01
   2.1925535e+02   4.4219523e+02   6.5917507e+02   2.6486971e+00
   7.6224199e+01   1.5580136e+02   2.2738908e+02   2.6520415e+00
   8.8687070e+01   1.7898586e+02   2.6328420e+02   1.8610255e+00
   8.7794430e+01   1.7512791e+02   2.5658581e+02   2.5546971e-01
   8.6342915e+01   1.7409335e+02   2.5509215e+02   6.7947444e-01
   1.2140886e+01   2.8504870e+01   3.5022566e+01   1.9269487e+00
   4.9537577e+01   1.0032631e+02   1.4579452e+02   1.2260429e+00
   7.8271603e+01   1.5859372e+02   2.3191218e+02   2.1022512e+00
   1.4986104e+02   3.0306275e+02   4.4561585e+02   1.5359036e+00
   6.1467404e+01   1.2761493e+02   1.8445600e+02   1.9324519e+00
   7.0559006e+00   1.5601631e+01   1.8201739e+01   7.1917045e-01
   1.5810385e+02   3.1846801e+02   4.7229332e+02   9.7817478e-02
   2.0992955e+02   4.2197075e+02   6.2563195e+02   1.8349648e-02
   1.9663895e+01   4.4182667e+01   5.9308399e+01   2.4025417e+00
   5.8502116e+01   1.1987530e+02   1.7475460e+02   2.5183207e+00
   2.1097016e+01   4.2168463e+01   5.9297082e+01   1.4161289e+00
   9.0968756e+01   1.8419471e+02   2.6835511e+02   1.8790187e+00
   2.4207962e+01   5.3209027e+01   7.3040752e+01   2.6675519e+00
   3.7037767e+01   7.6929712e+01   1.0829895e+02   1.5439946e+00
   4.1044799e+01   8.7715421e+01   1.2393183e+02   2.9173631e+00
   4.8958230e+01   9.8376392e+01   1.4271755e+02   1.2108472e-01
   1.9988635e+01   4.2390860e+01   5.7814537e+01   1.0709430e+00
   9.2160032e+00   2.0623964e+01   2.4157247e+01   2.3394990e+00
   1.9991057e+01   4.3642521e+01   5.7883211e+01   1.9596721e+00
   3.4913816e+02   7.0156715e+02   1.0462740e+03   2.2086698e+00
   7.6941732e+00   1.7590195e+01   2.0564096e+01   2.1138050e+00
   6.7573519e+00   1.4616773e+01   1.6818264e+01   7.2143762e-01
   7.5127342e+01   1.5269276e+02   2.2214912e+02   2.2020615e+00
   4.7529418e+00   1.1370341e+01   1.0887618e+01   2.0474823e+00
   5.3972787e+01   1.0966517e+02   1.5896928e+02   2.0347127e+00
   3.6708699e+02   7.3578727e+02   1.0973335e+03   4.1561640e-01
   2.3853465e+01   4.9532551e+01   6.9243934e+01   1.2649176e+00
   9.2635782e+01   1.8843247e+02   2.7623553e+02   1.4694943e+00
   3.1018305e+01   6.5302682e+01   9.2658744e+01   1.7905153e+00
   1.9251080e+01   4.0672547e+01   5.5171680e+01   1.9101139e-01
   5.1251499e+01   1.0550738e+02   1.5033559e+02   3.2845978e-01
   1.8043466e+01   3.6273183e+01   5.0047181e+01   4.2355183e-01
   1.2023811e+01   2.7733829e+01   3.6261109e+01   2.6356179e+00
   1.9357717e+01   4.2219945e+01   5.6556810e+01   1.8301862e+00
   2.4080313e+01   4.9162351e+01   6.8151374e+01   9.4028936e-01
   1.0081302e+01   2.1050452e+01   2.5843034e+01   2.4431949e+00
   2.5566883e+01   5.4871257e+01   7.5501328e+01   1.7763463e+00
   1.0439084e+02   2.1426509e+02   3.1357314e+02   2.0527285e+00
   1.5523573e+02   3.1061648e+02   4.5936376e+02   2.0831836e-01
   4.2427350e+01   8.7025819e+01   1.2380955e+02   2.0668850e-01
   3.5274929e+01   7.3491346e+01   1.0146332e+02   2.8135430e+00
   3.7456127e+01   7.7347447e+01   1.1233619e+02   1.2174230e+00
   1.1653018e+02   2.3613435e+02   3.4656975e+02   1.2287603e+00
   7.5234357e+01   1.5181796e+02   2.2283473e+02   2.7741638e+00
   1.5649875e+02   3.1642911e+02   4.6970255e+02   2.3715924e+00
   1.6728471e+01   3.4554003e+01   4.7479088e+01   1.3528927e+00
   2.1701257e+01   4.5911199e+01   6.1729218e+01   1.0682789e+00
   7.9957624e+01   1.6213338e+02   2.3588699e+02   2.5629856e+00
   1.5904777e+01   3.3147339e+01   4.5032847e+01   2.0992492e+00
   2.2578839e+02   4.5419051e+02   6.7317965e+02   2.0819307e+00
   2.5402810e+01   5.5135277e+01   7.5821443e+01   2.0089897e+00
   6.0893259e+01   1.2298823e+02   1.7821195e+02   9.0367332e-02
   3.2430785e+01   6.6975550e+01   9.3633096e+01   8.0375133e-01
   2.6535230e+01   5.5219938e+01   7.7011421e+01   2.6485452e+00
   2.7840270e+01   5.6708540e+01   7.9659729e+01   9.8571106e-02
   2.1057292e+01   4.3313789e+01   6.0287363e+01   6.8457696e-01
   1.4662442e+01   3.2776080e+01   4.0259235e+01   6.8502375e-01
   7.0140001e+00   1.7896586e+01   1.8464830e+01   2.1941824e+00
   1.1546696e+02   2.3309070e+02   3.4391015e+02   1.6242344e+00
   1.5003857e+01   3.2031636e+01   4.2306972e+01   1.5071155e+00
   1.9339661e+01   4.1185654e+01   5.4811695e+01   1.0905420e+00
   3.5505360e+02   7.1437741e+02   1.0634397e+03   1.7390546e+00
   9.6644292e+01   1.9696438e+02   2.8720013e+02   2.2906016e+00
   7.5940364e+01   1.5445402e+02   2.2545433e+02   2.1414763e+00
   4.9079834e+01   1.0081082e+02   1.4527505e+02   7.9250525e-01
   3.0866831e+01   6.4195942e+01   8.8975444e+01   2.6357169e+00
   6.3460802e+01   1.3013882e+02   1.8918188e+02   4.9389235e-01
   7.8372136e+01   1.6082094e+02   2.3398611e+02   2.8486795e+00
   2.1800482e+01   4.4786360e+01   6.2894621e+01   7.5577113e-01
   4.4676131e+00   9.4323958e+00   8.8810287e+00   2.4544022e-01
   5.1624845e+01   1.0397144e+02   1.4819057e+02   1.1375589e-01
   7.6003466e+01   1.5399980e+02   2.2429035e+02   8.9527043e-01
   2.0825474e+01   4.3820816e+01   5.9206157e+01   1.8100695e+00
   2.6874394e+01   5.6949194e+01   7.9050215e+01   1.8384607e+00
   1.4623677e+02   2.9589045e+02   4.3454607e+02   2.0094866e+00
   7.1099412e+00   1.8800870e+01   2.1409722e+01   2.4405007e+00
   8.2719324e+01   1.6752042e+02   2.4597776e+02   1.4952904e+00
   1.8191176e+01   3.7077331e+01   5.0100066e+01   3.4571746e-01
   1.5901165e+01   3.6408888e+01   4.6698128e+01   2.4732733e+00
   9.8480700e+01   1.9870407e+02   2.9331502e+02   3.0381847e-01
   8.3061599e+01   1.6777670e+02   2.4492960e+02   2.7697848e-01
   1.0594101e+02   2.1488005e+02   3.1642665e+02   2.1772478e+00
   3.7040053e+01   7.8098150e+01   1.1109501e+02   2.0045497e+00
   1.6473375e+02   3.3228905e+02   4.9273041e+02   4.6631994e-01
   6.5872855e+01   1.3425863e+02   1.9511783e+02   1.4391579e+00
   1.3416657e+02   2.7196276e+02   4.0100351e+02   1.9260763e+00
   1.9861042e+02   3.9931035e+02   5.9263216e+02   1.5645375e+00
   2.4339579e+01   4.9805595e+01   7.0009167e+01   1.8144656e-01
   5.1689198e+01   1.0507758e+02   1.5164723e+02   1.5723855e+00
   6.4006328e+01   1.2952300e+02   1.8957918e+02   8.3763507e-02
   1.7259365e+02   3.4847793e+02   5.1709959e+02   8.1326608e-01
   6.1763539e+01   1.2387963e+02   1.8048139e+02   5.6298731e-01
   4.8149437e+01   9.8068947e+01   1.4060433e+02   1.2769809e-01
   1.5812635e+01   3.3395397e+01   4.4344841e+01   1.2217906e+00
   8.7717988e+01   1.7933485e+02   2.6119147e+02   2.6343359e+00
   2.9456740e+01   6.1852575e+01   8.7978552e+01   1.2835969e+00
   1.0534822e+01   2.1837235e+01   2.8098730e+01   4.1265932e-01
   3.4061114e+01   7.0729509e+01   9.9480124e+01   2.5651875e+00
   1.8668168e+02   3.7587338e+02   5.5677545e+02   1.0575105e-01
   3.0429610e+01   6.2767660e+01   8.9150519e+01   1.3578228e+00
   5.8092709e+01   1.1994939e+02   1.7296107e+02   2.9274590e+00
   1.6593752e+01   3.5199691e+01   4.4888951e+01   1.8028592e+00
   7.8047594e+00   1.7435926e+01   2.0742745e+01   6.5428605e-01
   3.0483122e+02   6.1278613e+02   9.1177883e+02   1.5856280e+00
   8.8251860e+01   1.7922308e+02   2.6327789e+02   6.4957510e-01
   9.2795199e+01   1.8698710e+02   2.7672598e+02   4.0867636e-01
   8.3492656e+01   1.6938141e+02   2.4912871e+02   1.6236450e+00
   2.7326735e+01   5.7107970e+01   8.0166632e+01   6.0167909e-01
   4.7347555e+01   9.9173468e+01   1.4175555e+02   2.4205164e+00
   7.3352439e+01   1.5022595e+02   2.1783534e+02   1.6186238e+00
   3.6453609e+00   8.6283758e+00   4.6003168e+00   2.0978284e-01
   4.3393220e+01   8.7597808e+01   1.2691123e+02   8.2021285e-01
   2.2067706e+01   4.4733701e+01   6.0736901e+01   3.1728829e-01
   8.7519866e+01   1.7875178e+02   2.6190415e+02   1.6642496e+00
   1.0454534e+01   2.5638847e+01   3.0060575e+01   2.0438527e+00
   1.4563927e+01   3.2521079e+01   4.0137244e+01   1.0319288e+00
   3.0696114e+01   6.2899287e+01   8.8698534e+01   6.2671652e-01
   3.9016017e+01   7.8409732e+01   1.1255395e+02   2.2456726e-01
   4.5372439e+01   9.1433054e+01   1.3206389e+02   3.0186446e-01
   1.9612543e+01   4.0765082e+01   5.4946139e+01   4.3592866e-01
   2.8791468e+01   5.9379822e+01   8.3948627e+01   6.5295255e-01
   5.1876283e+01   1.0394953e+02   1.5090609e+02   1.7352826e-01
   2.7237390e+01   5.5197480e+01   7.6772502e+01   4.8949210e-01
   2.4303859e+02   4.8666234e+02   7.2510072e+02   8.9369272e-01
   1.9766280e+02   3.9815655e+02   5.9159733e+02   2.2936104e+00
   2.1509464e+01   4.5698251e+01   6.1196588e+01   1.7107552e+00
   1.4019948e+01   2.9228963e+01   4.0141091e+01   6.6220014e-01
   1.3282335e+02   2.6767885e+02   3.9540662e+02   2.5977319e+00
   1.3275122e+01   2.8653156e+01   3.7249722e+01   1.0803521e+00
   9.8919054e+00   2.1035407e+01   2.6184769e+01   1.4781927e+00
   3.1141625e+01   6.4843770e+01   9.2058366e+01   9.8543390e-01
   7.7273534e+01   1.5738531e+02   2.2934130e+02   2.1875147e+00
   4.5838246e+01   9.4197935e+01   1.3523801e+02   5.5873470e-01
   3.7209959e+01   7.8126128e+01   1.1088203e+02   6.5405390e-01
   4.2625752e+01   8.5505062e+01   1.2485461e+02   6.8382290e-01
   5.0964342e+01   1.0300267e+02   1.4941698e+02   1.1447475e-02
   9.9265546e+01   1.9892184e+02   2.9243173e+02   3.9771732e-01
   2.7183600e+01   5.7288171e+01   7.7409050e+01   4.3497510e-01
   3.9838607e+01   8.2280876e+01   1.1639434e+02   2.6265362e+00
   1.9352749e+01   4.0739642e+01   5.4405632e+01   2.1940092e+00
   1.5945939e+01   3.4848261e+01   4.4979972e+01   1.7133885e+00
   1.5772370e+02   3.1988245e+02   4.7265782e+02   2.9206470e+00
   1.4414206e+01   3.0542629e+01   3.9837311e+01   1.3142686e+00
   1.0499769e+02   2.1499232e+02   3.1233088e+02   2.9127886e+00
   1.3614144e+01   2.6939364e+01   3.4057404e+01   1.2375254e+00
   7.4021309e+01   1.5014056e+02   2.2044803e+02   8.9223686e-02
   8.2784339e+01   1.6950746e+02   2.4902752e+02   2.5824858e+00
   2.8430439e+02   5.7335332e+02   8.5116204e+02   2.8393015e+00
   3.8591048e+01   8.1089904e+01   1.1256939e+02   2.1402623e+00
   1.2981801e+02   2.6309013e+02   3.8679536e+02   1.3892780e+00
   2.7510677e+01   5.9051057e+01   8.0843091e+01   5.9509449e-01
   2.5979751e+01   5.4636308e+01   7.5470850e+01   2.7530097e+00
   1.9570015e+01   4.1685442e+01   5.7344859e+01   8.3450701e-01
   8.4898968e+01   1.7120078e+02   2.5177030e+02   5.5934617e-01
   2.3794369e+01   5.0481970e+01   7.0738247e+01   1.9310707e+00
   9.7535460e+01   1.9657106e+02   2.8856901e+02   1.5049540e+00
   2.4265153e+02   4.8623289e+02   7.2395006e+02   7.6136547e-01
   1.9891989e+02   4.0009571e+02   5.9203339e+02   1.2694996e+00
   1.6071674e+01   3.3687426e+01   4.4085027e+01   4.7913643e-01
   8.4654727e+01   1.7140318e+02   2.4931639e+02   8.4600165e-01
   6.7449777e+01   1.3862415e+02   2.0118479e+02   1.7497651e+00
   1.4464458e+01   3.3152317e+01   4.2255881e+01   2.3024557e+00
   8.3487671e+01   1.6921886e+02   2.4918821e+02   3.7215402e-01
   1.7951296e+02   3.6312626e+02   5.3639256e+02   2.7926367e+00
   3.2746372e+01   7.0223856e+01   9.7404326e+01   8.4529660e-01
   1.8354276e+01   3.7681796e+01   5.0127438e+01   1.8999299e+00
   3.4610868e+01   7.1126973e+01   1.0045579e+02   1.2126818e-01
   1.8386385e+02   3.6922224e+02   5.4718044e+02   1.1542664e+00
   2.2184417e+01   4.8962616e+01   6.4693548e+01   1.7557426e+00
   1.0244607e+03   2.0499701e+03   3.0699930e+03   7.6603597e-01
   2.2605764e+01   4.7654619e+01   6.5220730e+01   1.7665432e+00
   2.1490751e+01   4.5952331e+01   6.3074164e+01   2.2912594e+00
   4.8933635e+01   1.0052159e+02   1.4528593e+02   1.1962386e+00
   5.1864575e+01   1.0714192e+02   1.5387614e+02   2.1813330e+00
   8.3233542e+00   1.9952028e+01   2.2941864e+01   1.6645280e+00
   1.8112533e+01   3.7445693e+01   5.0303502e+01   7.2253448e-01
   2.6974981e+02   5.4366808e+02   8.0808845e+02   2.6370586e+00
   1.7644882e+02   3.5516809e+02   5.2562095e+02   2.0443779e+00
   6.6578625e+01   1.3443042e+02   1.9392994e+02   8.5993241e-01
   5.9203144e+02   1.1871905e+03   1.7756912e+03   1.8840618e+00
   6.8097438e+01   1.3968277e+02   2.0122474e+02   4.2710745e-01
   5.5513149e+01   1.1520382e+02   1.6603672e+02   2.3949717e+00
   1.2552928e+02   2.5226793e+02   3.7327697e+02   1.2899193e+00
   5.7676507e+00   1.5361689e+01   1.5955551e+01   1.6738653e+00
   8.7464288e+01   1.7819794e+02   2.6275716e+02   1.6538151e+00
   1.3558059e+02   2.7168706e+02   4.0081623e+02   6.7055466e-01
   1.1570568e+02   2.3359762e+02   3.4472295e+02   2.0121411e+00
   1.1466352e+01   2.6110352e+01   3.2824223e+01   2.0557596e+00
   1.7959082e+01   3.7647447e+01   5.2384976e+01   1.5112634e-01
   1.9617483e+01   4.2677642e+01   5.8496679e+01   1.9803981e+00
   2.7242152e+01   5.9036663e+01   7.9707693e+01   2.5507704e+00
   7.0535335e+01   1.4543322e+02   2.0979367e+02   7.9872911e-01
   2.2840427e+01   4.9147442e+01   6.8867473e+01   2.2402135e+00
   1.1538726e+01   2.5243470e+01   3.1505862e+01   1.2689125e+00
   2.2894814e+02   4.6262391e+02   6.8493613e+02   2.6120649e+00
   8.0827387e+01   1.6458883e+02   2.3868286e+02   1.9742135e+00
   7.7912858e+01   1.5778084e+02   2.3019378e+02   6.0662370e-01
   5.0193420e+01   1.0263364e+02   1.4857568e+02   1.5245836e+00
   2.1485433e+01   4.5495217e+01   6.1748266e+01   6.7588834e-01
   2.9606753e+01   6.3330973e+01   8.8879495e+01   1.6553511e+00
   1.3621434e+01   2.9803265e+01   3.9068677e+01   2.4865380e+00
   1.6208163e+01   3.5704118e+01   4.6018445e+01   1.2447323e+00
   3.3297845e+01   6.8312241e+01   9.5088369e+01   1.2154989e+00
   1.5617080e+01   3.4167765e+01   4.4579874e+01   1.8897877e+00
   3.4192782e+01   7.1084999e+01   1.0246993e+02   6.6205350e-01
   1.7758604e+01   3.5032059e+01   4.6679247e+01   1.3320041e-01
   7.0031742e+01   1.4221457e+02   2.0744904e+02   6.9932806e-01
   1.9080156e+02   3.8516529e+02   5.7000213e+02   2.6066282e+00
   3.7439246e+02   7.4992836e+02   1.1203864e+03   6.0024107e-01
   1.3002368e+02   2.6304260e+02   3.8804159e+02   2.2516863e+00
   1.9721384e+01   4.2947614e+01   5.7963377e+01   2.0920008e+00
   4.3913230e+01   8.9756655e+01   1.2901178e+02   2.5736334e-01
   6.3289810e+01   1.3011669e+02   1.8773270e+02   2.5056163e+00
   4.2207832e+01   8.8068741e+01   1.2573865e+02   8.9395312e-01
   2.4387065e+01   5.0458708e+01   7.0355391e+01   6.7009266e-01
   6.0967396e+01   1.2409139e+02   1.7986893e+02   2.4727147e-01
   4.1083030e+01   8.3025238e+01   1.1790126e+02   8.9155563e-01
   1.5498269e+01   3.5510299e+01   4.5888411e+01   2.3755531e+00
   2.8628734e+00   7.8327369e+00   6.0238142e+00   1.9212113e+00
   8.5409133e+01   1.7181536e+02   2.5117336e+02   7.9830985e-01
   1.0880560e+02   2.1984307e+02   3.2190717e+02   1.1936872e+00
   2.8366683e+01   5.8701994e+01   8.1408365e+01   1.3005933e+00
   2.3049326e+01   4.8565119e+01   6.7049409e+01   1.0709893e+00
   1.2943110e+01   2.7745659e+01   3.6827663e+01   1.1738532e-01
   6.3254652e+01   1.2862513e+02   1.8798521e+02   1.8950490e+00
   5.4181316e+01   1.1280932e+02   1.6097460e+02   2.0884588e+00
   9.3475489e+01   1.8936283e+02   2.7929509e+02   7.2636732e-01
   8.2291596e+01   1.6660274e+02   2.4333456e+02   1.0554657e+00
   1.0653506e+01   2.3060948e+01   2.9256842e+01   2.1246820e-01
   5.0916168e+02   1.0189555e+03   1.5242572e+03   9.5302169e-01
   9.5335240e+01   1.9152678e+02   2.8238496e+02   4.3551635e-01
   4.4863740e+01   9.2848131e+01   1.3249327e+02   2.7232817e+00
   3.1864706e+01   6.4929785e+01   9.0838989e+01   2.1959238e+00
   1.4712525e+01   3.1745646e+01   4.2390070e+01   8.9148224e-01
   2.1869237e+02   4.3966620e+02   6.5266908e+02   1.1419843e+00
   1.5472061e+02   3.1356483e+02   4.6117432e+02   2.3296575e+00
   4.2746839e+02   8.5773097e+02   1.2810624e+03   1.5542414e+00
   7.2604411e+01   1.4789961e+02   2.1571536e+02   1.1358438e+00
   1.9367987e+01   4.1564494e+01   5.6536299e+01   1.1269341e+00
   1.2178400e+01   2.7148830e+01   3.3414913e+01   1.3809178e+00
   7.7349102e+01   1.5668568e+02   2.3046982e+02   1.0861114e+00
   1.2214602e+02   2.4685057e+02   3.6353833e+02   2.2749704e+00
   3.5637371e+01   7.2567896e+01   1.0325314e+02   4.2686001e-01
   2.6740468e+01   5.4822095e+01   7.5041963e+01   1.2361878e+00
   1.0120909e+02   2.0483197e+02   3.0104687e+02   1.6085180e+00
   3.3075307e+01   6.9541661e+01   9.7484387e+01   1.3621520e+00
   1.6455217e+01   3.5675459e+01   4.6256588e+01   6.8806350e-01
   5.8769401e+00   1.5888491e+01   1.6484347e+01   2.2831713e+00
   4.0404325e+01   8.1911340e+01   1.1534847e+02   2.6075091e-01
   5.1253603e+01   1.0720323e+02   1.5374175e+02   2.4405509e+00
   3.6786242e+01   7.8348085e+01   1.1052901e+02   2.3390121e+00
   1.3976797e+01   3.1582636e+01   4.0676858e+01   2.7769682e+00
   2.2199490e+02   4.4670864e+02   6.6353302e+02   1.5050325e+00
   9.3276360e+01   1.9063737e+02   2.7926440e+02   2.0812905e+00
   2.7524336e+01   5.5773192e+01   7.7458467e+01   2.4900770e-01
   2.0328016e+01   4.2093784e+01   5.7040434e+01   7.2329946e-02
   1.6905729e+02   3.4008972e+02   5.0537890e+02   6.4940067e-01
   1.3199935e+02   2.6459759e+02   3.9210531e+02   4.7712192e-01
   3.6604834e+01   7.7473679e+01   1.0826648e+02   2.9881891e+00
   8.5718409e+01   1.7431396e+02   2.5474021e+02   2.4937232e+00
   4.4045292e+01   9.0568586e+01   1.3072282e+02   2.0060013e+00
   4.2524183e+01   8.5993241e+01   1.2221192e+02   8.6343735e-01
   1.5318224e+01   3.1740354e+01   4.2460048e+01   7.9152318e-01
   3.2758745e+01   6.7540921e+01   9.4820373e+01   1.1301389e+00
   8.7009723e+00   2.0078956e+01   2.4628836e+01   1.2448321e+00
   5.3880558e+00   1.5464566e+01   1.5135831e+01   2.8923298e+00
   2.3294040e+01   5.0677926e+01   6.9262906e+01   2.3870485e+00
   1.0033417e+01   1.9817427e+01   2.2888923e+01   1.2475508e-01
   5.5901800e+01   1.1600952e+02   1.6635578e+02   2.7585655e+00
   8.2466651e+00   1.8353624e+01   2.2402591e+01   1.2110126e+00
   1.6294739e+01   3.4003522e+01   4.6031621e+01   1.4881357e+00
   3.7086108e+01   7.5326429e+01   1.0769765e+02   9.7443490e-02
   5.9365665e+01   1.2295943e+02   1.7804982e+02   2.7327342e+00
   5.2567141e+00   1.3972096e+01   1.5316702e+01   2.0641369e+00
   2.6030020e+01   5.5554343e+01   7.7143925e+01   2.9490902e+00
   2.1618927e+01   4.7461546e+01   6.4365746e+01   2.3597269e+00
   8.4514779e+01   1.7363985e+02   2.5410073e+02   2.9293342e+00
   4.5718983e+01   9.3661926e+01   1.3496311e+02   3.1935861e-01
   1.0800678e+02   2.1744079e+02   3.2109013e+02   4.6024042e-01
   1.4017094e+01   3.0047248e+01   3.9284767e+01   1.2607105e+00
   2.2406616e+02   4.5093655e+02   6.6922048e+02   2.7607759e+00
   3.2968120e+00   1.0182516e+01   8.5521488e+00   2.3613474e+00
   2.0111585e+02   4.0279497e+02   5.9896175e+02   1.6549834e-01
   2.4489703e+01   5.0434614e+01   6.9638176e+01   5.3052403e-01
   3.0959189e+01   6.3771684e+01   8.8223944e+01   5.1735057e-01
   8.1216631e+00   1.7550280e+01   2.1129657e+01   1.1109608e+00
   9.4407564e+01   1.9235555e+02   2.8174675e+02   2.9180994e+00
   1.6883900e+01   3.4642388e+01   4.7773850e+01   4.9668764e-01
   1.4557988e+02   2.9228975e+02   4.3403849e+02   1.8292002e+00
   7.6159794e+00   1.9356377e+01   2.3813707e+01   2.3673263e+00
   1.1828988e+02   2.3913177e+02   3.5146346e+02   1.6537787e+00
   3.0318161e+01   6.1819162e+01   8.6361740e+01   5.8172569e-02
   6.1445722e+01   1.2740296e+02   1.8369340e+02   2.7063701e+00
   1.1684064e+02   2.3886336e+02   3.4998480e+02   2.9617191e+00
   1.2350514e+01   2.6760340e+01   3.3150737e+01   1.6129039e+00
   2.0168794e+01   4.1214122e+01   5.6404042e+01   7.5139542e-02
   9.1802299e+00   2.2033424e+01   2.5680592e+01   2.8702770e+00
   8.6645341e+01   1.7562082e+02   2.5651206e+02   7.4568879e-01
   1.1688750e+02   2.3480350e+02   3.4652960e+02   1.7915775e+00
   5.9288714e+01   1.1959082e+02   1.7345210e+02   4.2341389e-02
   2.3108969e+01   4.7635705e+01   6.5480865e+01   6.3172908e-01
   8.4582299e+01   1.7202319e+02   2.4979871e+02   4.7065825e-01
   2.7437656e+01   5.7348060e+01   7.9732308e+01   2.3531749e+00
   7.1103976e+01   1.4241916e+02   2.0822652e+02   8.1011165e-01
   1.4535765e+01   3.0529725e+01   3.8588884e+01   1.5465280e+00
   4.8182433e+01   9.8032451e+01   1.4204679e+02   4.9625544e-01
   7.7395696e+01   1.5573236e+02   2.2813473e+02   5.6521033e-01
   7.0857986e+01   1.4415293e+02   2.1045448e+02   1.4900258e+00
   1.5311071e+01   3.3070634e+01   4.3632491e+01   1.8632206e+00
   2.6844221e+02   5.3753959e+02   8.0159208e+02   1.1487787e+00
   2.8871329e+01   6.1495294e+01   8.4166968e+01   2.5243366e+00
   5.8643661e+01   1.1802265e+02   1.7241523e+02   5.2564299e-01
   3.6098331e+01   7.6104750e+01   1.0667288e+02   2.4816767e+00
   1.5077798e+02   3.0046176e+02   4.4634285e+02   5.4023123e-01
   2.1781925e+01   4.5597748e+01   6.3192259e+01   1.6662746e+00
   1.2005964e+02   2.3975018e+02   3.5454446e+02   7.7171587e-02
   1.9702304e+02   3.9669056e+02   5.8765059e+02   1.0228698e+00
   1.3786647e+01   2.9011962e+01   3.9466126e+01   1.3725211e+00
   8.9446461e+00   2.0712983e+01   2.5224095e+01   9.6249231e-01
   3.6465026e+01   7.3498117e+01   1.0326906e+02   6.0827696e-01
   6.2272688e+01   1.2753901e+02   1.8399892e+02   2.3108397e+00
   3.2046023e+01   6.5107186e+01   9.2779601e+01   2.8356897e-01
   3.1928406e+01   6.6849102e+01   9.3987867e+01   1.9437424e+00
   8.7640446e+00   2.0681212e+01   2.2169548e+01   1.4786109e+00
   4.0656977e+01   8.4239045e+01   1.2038038e+02   2.0128717e+00
   3.6326150e+01   7.5669100e+01   1.0739844e+02   2.3351686e+00
   1.0372010e+02   2.1035324e+02   3.0998760e+02   1.1784294e+00
   5.0062264e+01   1.0373944e+02   1.4821646e+02   2.8632103e+00
   1.9959387e+01   4.3437717e+01   5.7929266e+01   1.9761056e+00
   1.8816176e+02   3.8025913e+02   5.6203494e+02   2.4061168e+00
   1.7590246e+02   3.5644715e+02   5.2630585e+02   2.6054194e+00
   2.5012921e+01   4.9560624e+01   7.0208132e+01   1.2838161e+00
   1.3462994e+01   2.5813376e+01   3.5414724e+01   1.0966722e+00
   2.0437790e+01   4.4598609e+01   6.0899748e+01   2.7697466e+00
   1.4461911e+02   2.9154836e+02   4.3052665e+02   1.3180405e-01
   4.3883154e+01   8.9734584e+01   1.2916889e+02   1.2306215e+00
   2.0404554e+01   4.3846873e+01   5.8639755e+01   1.0559191e+00
   2.5082045e+01   5.1825139e+01   7.4409462e+01   1.8331292e+00
   9.6982444e+01   1.9720013e+02   2.8775529e+02   2.4019413e+00
   1.1309809e+01   2.3344119e+01   3.0214798e+01   1.4274228e+00
   1.5490181e+01   3.6145177e+01   4.6095521e+01   2.6951377e+00
   2.4044913e+01   4.8998144e+01   6.8269604e+01   1.7926784e-01
   1.8253500e+01   3.8701858e+01   5.2603419e+01   9.5455688e-01
   9.8849344e+01   2.0026693e+02   2.9341067e+02   2.2375062e+00
   4.2863836e+02   8.5865645e+02   1.2794838e+03   7.6630769e-01
   6.9215675e+01   1.3834464e+02   2.0333890e+02   3.3334704e-01
   5.0219576e+01   1.0285376e+02   1.4786073e+02   1.5637077e+00
   1.9112449e+02   3.8470598e+02   5.7187911e+02   1.2358192e+00
   2.6161211e+02   5.2710618e+02   7.8404783e+02   1.4130624e+00
   4.4933416e+01   9.3453755e+01   1.3520484e+02   1.3390666e+00
   1.1608855e+02   2.3648023e+02   3.4778268e+02   2.6921447e+00
   4.2751595e+01   8.6065527e+01   1.2407802e+02   8.7628902e-01
   2.7034315e+02   5.4287160e+02   8.0675960e+02   7.8964135e-01
   1.4978246e+02   3.0421086e+02   4.4779053e+02   2.5021842e+00
   8.5264919e+01   1.7091417e+02   2.5199438e+02   2.0923674e-01
   1.1057883e+02   2.2313993e+02   3.2969320e+02   6.4185395e-01
   6.8392621e+01   1.4022604e+02   2.0428051e+02   2.6393190e+00
   3.2450269e+01   6.5708653e+01   9.4381037e+01   1.0338561e+00
   2.8375874e+01   5.8065389e+01   8.1890148e+01   1.8939715e-02
   1.6520498e+01   3.4403980e+01   4.5426249e+01   3.1978812e-01
   3.6807046e+01   7.5326023e+01   1.0833413e+02   1.6788686e+00
   8.8878435e+01   1.8127636e+02   2.6462166e+02   1.7449909e+00
   6.0007617e+01   1.1865767e+02   1.7391571e+02   6.2886570e-02
   4.2000420e+01   8.5762287e+01   1.2403668e+02   9.3457658e-01
   2.1006594e+01   4.3891436e+01   5.9032892e+01   2.4286237e+00
   2.1276131e+01   4.7549856e+01   6.4587729e+01   2.8791562e+00
   6.2248480e+01   1.2916254e+02   1.8560287e+02   2.9779821e+00
   3.1247584e+02   6.2999627e+02   9.3704195e+02   1.9459701e+00
   3.4464338e+01   7.2423788e+01   1.0208146e+02   2.9201336e+00
   1.0644544e+02   2.1574487e+02   3.1600781e+02   1.6851800e+00
   4.4729888e+01   9.2423861e+01   1.3285598e+02   2.8198667e+00
   1.0160257e+02   2.0784000e+02   3.0535347e+02   2.4998541e+00
   1.5591787e+02   3.1539716e+02   4.6627538e+02   4.7869376e-02
   1.8380781e+01   3.8289544e+01   5.2406354e+01   5.4060124e-01
   9.5856900e+00   2.3362248e+01   2.9593272e+01   1.8850685e+00
   4.0570864e+01   8.4960293e+01   1.1916247e+02   2.3459412e+00
   2.3968342e+01   4.8234833e+01   6.7994885e+01   2.2338594e+00
   1.8578276e+02   3.7642679e+02   5.5812946e+02   2.4740968e+00
   4.7531670e+02   9.5399992e+02   1.4236533e+03   2.1455038e+00
   2.9236272e+02   5.8901531e+02   8.7584753e+02   2.4829373e+00
   1.0052049e+02   2.0267759e+02   2.9908181e+02   7.2766069e-01
   1.0635536e+02   2.1462710e+02   3.1550397e+02   1.7932690e+00
   2.7804326e+01   5.8047458e+01   7.9432210e+01   1.4713381e+00
   3.5516415e+01   7.7087913e+01   1.0971053e+02   2.7802610e+00
   9.6201553e+01   1.9388288e+02   2.8545467e+02   2.8461348e+00
   3.3465318e+01   7.1079547e+01   9.8907794e+01   2.9873319e+00
   2.8350686e+01   5.6491148e+01   8.0012853e+01   8.7623572e-02
   1.0305874e+01   2.2684716e+01   2.7088492e+01   2.6893749e+00
   6.1713965e+01   1.2860745e+02   1.8470390e+02   2.3240038e+00
   9.3435762e+01   1.9150658e+02   2.8081244e+02   2.5312400e+00
   1.2902214e+02   2.5966855e+02   3.8380265e+02   2.5502603e+00
   2.5904537e+01   5.5939626e+01   7.7078191e+01   1.2240885e+00
   1.1848966e+02   2.3933979e+02   3.5455731e+02   2.2556838e+00
   6.3047686e+01   1.2738643e+02   1.8584701e+02   2.7746770e-01
   1.5101577e+01   3.2461415e+01   4.2476946e+01   1.3996783e+00
   6.8719328e+01   1.3911845e+02   2.0318124e+02   1.3939996e+00
   5.8077515e+01   1.1922018e+02   1.7295985e+02   1.9514500e+00
   1.1033202e+02   2.2397993e+02   3.2940279e+02   2.0196574e+00
   1.4240609e+02   2.8786820e+02   4.2538363e+02   2.3823050e+00
   1.4843803e+02   3.0023534e+02   4.4420757e+02   1.3994489e+00
   4.9727449e+01   1.0067276e+02   1.4624642e+02   5.3750920e-01
   5.0487036e+01   1.0319954e+02   1.5010725e+02   9.1711570e-01
   7.0759548e+01   1.4627580e+02   2.1360851e+02   2.9635139e+00
   1.0516290e+03   2.1054262e+03   3.1530062e+03   1.7778989e+00
   3.2305542e+01   6.8041214e+01   9.4895434e+01   1.1466106e+00
   8.5173329e+01   1.7124117e+02   2.5102245e+02   2.0846909e+00
   2.3047595e+02   4.6283427e+02   6.8767343e+02   4.0020831e-01
   1.8061654e+01   3.5786229e+01   4.7453524e+01   3.0108872e-01
   8.3753383e+01   1.7091873e+02   2.5093903e+02   2.3981445e+00
   6.3481173e+01   1.2947565e+02   1.8843568e+02   6.1397840e-01
   8.4567697e+01   1.7101338e+02   2.5156212e+02   2.1349953e+00
   7.9364254e+01   1.6334294e+02   2.3821810e+02   2.8663736e+00
   2.0114324e+02   4.0223906e+02   5.9858046e+02   1.1409998e+00
   1.9711665e+01   4.0891735e+01   5.4436151e+01   7.8324939e-01
   1.9628710e+02   3.9250209e+02   5.8241199e+02   7.2540402e-02
   6.4448902e+01   1.3134041e+02   1.9027134e+02   1.1865283e+00
   1.4773649e+03   2.9554119e+03   4.4271999e+03   9.8047323e-01
   2.3419325e+02   4.7206124e+02   7.0165612e+02   2.8135551e+00
   7.3610615e+01   1.5070759e+02   2.2197727e+02   1.4208460e+00
   4.4032472e+01   9.0107060e+01   1.3080430e+02   1.5894971e-01
   4.9886828e+01   1.0233314e+02   1.4672463e+02   1.4676983e+00
   1.7375831e+01   3.8267444e+01   5.1196963e+01   1.6058213e+00
   7.1274371e+01   1.4532466e+02   2.1083545e+02   1.0389276e+00
   2.6521379e+01   5.5420665e+01   7.8094060e+01   1.2554499e+00
   2.3076789e+02   4.6518132e+02   6.8861270e+02   1.3466503e+00
   4.0496993e+01   8.4151617e+01   1.2049963e+02   1.1509701e+00
   2.0659175e+01   4.2202728e+01   5.9024611e+01   3.5411119e-01
   5.3463774e+01   1.0988685e+02   1.5854951e+02   2.5467410e+00
   3.6675885e+01   7.6912674e+01   1.0783735e+02   2.0763654e+00
   1.5347222e+01   3.3334402e+01   4.4303722e+01   1.4740941e+00
   2.7952605e+01   5.9112068e+01   8.1307613e+01   1.0998213e+00
   4.0416545e+01   8.6711706e+01   1.2193032e+02   1.6968679e+00
   2.8234925e+01   5.8932582e+01   8.4729279e+01   1.2593950e+00
   1.4479669e+02   2.9251763e+02   4.3233313e+02   1.6524489e+00
   6.7589668e+01   1.3763098e+02   1.9988448e+02   1.7089734e+00
   1.3985310e+01   2.7658394e+01   3.5240057e+01   7.1549037e-01
   2.8619415e+02   5.7512638e+02   8.5793279e+02   1.2467099e+00
   1.3214369e+02   2.6580361e+02   3.9463087e+02   1.4539796e+00
   1.4200333e+01   3.2025881e+01   4.0742968e+01   2.0345027e+00
   2.4932642e+01   5.4095100e+01   7.5033134e+01   2.8869413e+00
   3.5111633e+01   7.1919513e+01   1.0255706e+02   1.8223775e+00
   5.9177651e+01   1.2089757e+02   1.7411149e+02   1.6978762e+00
   2.3669466e+01   4.9128031e+01   6.9227851e+01   2.0553500e-01
   7.2050643e+01   1.4743975e+02   2.1372566e+02   1.4266794e+00
   1.6624567e+01   3.6730623e+01   4.8185190e+01   2.2001200e+00
   1.8959551e+02   3.8162824e+02   5.6514523e+02   2.4174392e+00
   1.1928236e+02   2.4072240e+02   3.5411992e+02   9.0072349e-01
   1.5052561e+01   3.0652996e+01   4.1177175e+01   4.5968670e-01
   7.1014916e+01   1.4318330e+02   2.0997346e+02   9.5429651e-01
   7.2126527e+01   1.4601680e+02   2.1401506e+02   8.6151703e-01
   3.8355798e+01   7.7207330e+01   1.1160050e+02   1.5166720e+00
   1.9709462e+01   4.3806302e+01   5.8312313e+01   2.7071268e+00
   2.7786132e+01   5.9678312e+01   8.3094943e+01   6.8084484e-01
   2.0143990e+02   4.0520749e+02   6.0131153e+02   9.5929597e-01
   1.5482617e+01   3.2928546e+01   4.5149889e+01   8.8737399e-01
   3.8905817e+01   8.0795947e+01   1.1363806e+02   1.0946241e+00
   4.9780156e+01   1.0072088e+02   1.4662748e+02   1.3475433e+00
   5.2037926e+01   1.0583966e+02   1.5414078e+02   1.1597080e+00
   1.7984391e+01   3.6096660e+01   4.9304708e+01   2.1196237e-01
   2.0569271e+01   4.4058240e+01   6.1212237e+01   1.4515889e+00
   3.7125244e+02   7.4150633e+02   1.1066819e+03   8.5545689e-01
   9.9157085e+01   2.0224624e+02   2.9858727e+02   1.6640208e+00
   2.7501883e+01   5.6508891e+01   7.9237189e+01   1.1968713e+00
   4.4352483e+01   8.9560842e+01   1.2941036e+02   8.1600708e-01
   4.3939864e+00   1.1981311e+01   1.0970999e+01   1.6310395e+00
   2.3736652e+01   5.1920196e+01   7.0420680e+01   1.8800715e+00
   2.5389120e+02   5.1088743e+02   7.5969151e+02   2.3612196e+00
   3.7594752e+01   7.5636220e+01   1.0971370e+02   1.0185218e+00
   4.3408280e+01   8.7759007e+01   1.2396641e+02   2.9525387e-01
   2.7817196e+01   5.8117644e+01   8.0733224e+01   3.3173409e-01
   4.0740655e+01   8.3654619e+01   1.1873046e+02   1.4548708e+00
   6.6388004e+01   1.3469305e+02   1.9418517e+02   2.0129291e+00
   5.5273915e+01   1.1373313e+02   1.6467759e+02   2.9893900e-01
   2.3134013e+01   4.9450813e+01   6.7457613e+01   2.2678125e+00
   2.9949589e+01   6.0251106e+01   8.6978709e+01   1.2500672e-01
   2.9596560e+01   6.0264908e+01   8.4840226e+01   9.8795114e-01
   1.0737578e+01   2.4741114e+01   2.9108006e+01   2.4948007e+00
   6.2631554e+01   1.2878030e+02   1.8613075e+02   2.1154606e+00
   3.8154004e+02   7.6469790e+02   1.1416221e+03   1.5460352e+00
   8.1271199e+01   1.6523740e+02   2.4113784e+02   1.2133662e+00
   7.5512047e+01   1.5376317e+02   2.2511347e+02   2.0463470e+00
   4.3402429e+01   8.7254655e+01   1.2487237e+02   9.5378178e-01
   4.3238216e+02   8.6696762e+02   1.2937125e+03   1.2104519e+00
   3.3905777e+02   6.8029553e+02   1.0144938e+03   1.0656411e+00
   2.4273637e+02   4.8775902e+02   7.2466823e+02   2.2971083e-01
   3.2434744e+01   7.0074326e+01   9.8847449e+01   2.7499201e+00
   2.1950168e+01   4.7320534e+01   6.3618761e+01   2.9070087e+00
   1.9912328e+01   4.0377991e+01   5.4170952e+01   9.5745762e-02
   1.3992902e+01   3.0968426e+01   4.1002486e+01   1.1990206e+00
   1.6943280e+01   3.6008157e+01   4.6699801e+01   9.3999967e-01
   1.2174831e+02   2.4609002e+02   3.6432971e+02   5.7440274e-01
   8.8947131e+01   1.8272715e+02   2.6561431e+02   2.9868047e+00
   2.2527098e+01   4.6811028e+01   6.4436478e+01   2.2618567e-01
   2.4942231e+02   5.0010407e+02   7.4494258e+02   5.0259865e-01
   4.9851684e+01   1.0231230e+02   1.4768248e+02   2.1755271e+00
   1.1731462e+02   2.3538491e+02   3.4851352e+02   8.4769122e-02
   4.8086937e+01   9.8630561e+01   1.4055019e+02   2.7146314e+00
   1.7784064e+02   3.5803121e+02   5.3053222e+02   8.0953179e-01
   3.6704840e+01   7.3745055e+01   1.0639039e+02   8.0079647e-01
   2.3121507e+01   4.8864064e+01   6.8631241e+01   9.8633468e-01
   8.1151903e+00   2.0108946e+01   2.2033207e+01   2.3269842e+00
   9.1971603e+01   1.8757879e+02   2.7384330e+02   1.6237990e+00
   6.9019304e+01   1.3968316e+02   2.0358870e+02   1.9020377e-01
   4.4890618e+01   9.1626985e+01   1.3137395e+02   1.7547180e+00
   1.9666949e+02   3.9427462e+02   5.8574248e+02   1.5453078e+00
   5.5683429e+01   1.1280945e+02   1.6384391e+02   9.8901573e-01
   1.9991692e+01   4.2443444e+01   5.7183505e+01   2.3873835e+00
   3.6567471e+01   7.5810769e+01   1.0698838e+02   2.7544112e+00
   3.7251245e+01   7.8262073e+01   1.1035124e+02   3.8879489e-01
   7.3845656e+01   1.4850184e+02   2.1630927e+02   4.7576857e-01
   2.8299579e+02   5.6812485e+02   8.4604006e+02   1.2423808e+00
   1.0335187e+01   2.3599522e+01   2.9318314e+01   6.9389157e-01
   9.6071443e+00   2.2526173e+01   2.6579362e+01   1.2356846e+00
   3.6964007e+01   7.7430208e+01   1.0905621e+02   2.1504277e+00
   9.1500451e+01   1.8548157e+02   2.7219992e+02   1.2383632e+00
   3.7388453e+01   7.9178675e+01   1.1031403e+02   2.1710768e+00
   1.9707792e+01   4.0933924e+01   5.5329305e+01   2.8854943e-01
   1.5226739e+01   3.4418305e+01   4.4028919e+01   1.6502365e+00
   4.2611878e+01   8.6894973e+01   1.2611034e+02   5.2557997e-01
   1.7883678e+01   3.8879677e+01   5.3469282e+01   1.4225107e+00
   4.1185326e+01   8.4225642e+01   1.2039800e+02   1.1367485e+00
   6.2551643e+01   1.2843582e+02   1.8588864e+02   1.3312060e+00
   1.3735294e+02   2.7818481e+02   4.1052172e+02   2.5788680e+00
   7.7528240e+01   1.5757802e+02   2.2958165e+02   2.0343291e+00
   5.9738348e+01   1.2393448e+02   1.7862744e+02   2.9689578e+00
   3.3141024e+01   6.7540329e+01   9.7124405e+01   2.7344616e-01
   1.2136057e+01   2.8113559e+01   3.4495366e+01   2.8095490e+00
   4.5876533e+01   9.1509724e+01   1.3370761e+02   9.0348657e-02
   6.8256040e+01   1.3924577e+02   2.0217434e+02   4.8988261e-01
   4.8568971e+01   1.0192742e+02   1.4767687e+02   1.4570895e+00
   4.0425307e+01   8.3583145e+01   1.1896612e+02   3.0272980e-01
   1.9768142e+01   4.3412621e+01   5.7152009e+01   2.9796863e+00
   9.8758420e+01   1.9800080e+02   2.9054972e+02   5.8773457e-01
   3.4658725e+01   7.3430818e+01   1.0351903e+02   2.0549739e+00
   2.0911286e+01   4.4923140e+01   5.9175914e+01   1.9469457e+00
   6.8957781e+01   1.4197880e+02   2.0456976e+02   1.3165102e+00
   1.3602302e+02   2.7441708e+02   4.0665014e+02   1.5874823e+00
   1.5212981e+01   3.4025326e+01   4.4456228e+01   1.8151558e+00
   6.0464065e+00   1.3636249e+01   1.3607767e+01   3.2328597e-01
   2.2386804e+01   4.5941201e+01   6.4551488e+01   4.6729091e-01
   1.0398966e+01   2.4282234e+01   2.8695476e+01   2.7582648e+00
   9.2724230e+01   1.8977179e+02   2.7685759e+02   2.1557963e+00
   9.2171318e+01   1.8612281e+02   2.7431104e+02   1.4684805e+00
   4.5735314e+01   9.6625884e+01   1.3725311e+02   2.7521260e+00
   4.8144894e+01   9.6911400e+01   1.4224562e+02   9.8087210e-01
   6.3330743e+01   1.2668133e+02   1.8522621e+02   5.1738041e-01
   4.6336799e+01   9.4735670e+01   1.3576231e+02   1.6124980e+00
   2.0858520e+01   4.5888640e+01   6.1401524e+01   2.2541770e+00
   2.6786956e+01   5.7541868e+01   8.0158983e+01   1.9525499e+00
   1.5222004e+02   3.0836465e+02   4.5618725e+02   2.5056042e+00
   6.3108857e+00   1.3496421e+01   1.6093744e+01   6.9020142e-01
   4.3756806e+01   9.0778865e+01   1.2734179e+02   2.2153161e+00
   5.4091492e+01   1.1351490e+02   1.6419025e+02   2.8183134e+00
   4.1449144e+01   8.4978246e+01   1.2156047e+02   3.9402114e-01
   1.9585870e+02   3.9364052e+02   5.8333241e+02   1.3132943e+00
   1.5847409e+01   3.3647229e+01   4.5046271e+01   1.5377544e+00
   9.1543962e+01   1.8299254e+02   2.6985301e+02   3.8771324e-02
   6.8085587e+01   1.3731996e+02   2.0224085e+02   6.2964824e-01
   3.2514350e+01   6.7638254e+01   9.5162605e+01   1.4979637e+00
   1.2467539e+02   2.4979041e+02   3.6807854e+02   2.7613639e-01
   4.7093323e+01   9.5224817e+01   1.3584655e+02   2.4299948e-02
   1.8163545e+01   3.7275940e+01   5.0989459e+01   4.0921858e-01
   3.0505206e+02   6.1395478e+02   9.1379930e+02   1.7366381e+00
   2.5107912e+01   5.3043511e+01   7.2311506e+01   6.7604184e-01
   1.5494953e+01   3.2602193e+01   4.3366055e+01   1.2352590e+00
   3.1411176e+01   6.3152176e+01   8.9318872e+01   9.9763491e-01
   2.0393539e+02   4.1092428e+02   6.1068847e+02   2.4995662e-01
   2.6825101e+01   5.5358869e+01   7.7175717e+01   1.0209365e+00
   3.9327626e+01   8.1121384e+01   1.1451031e+02   1.8802300e+00
   6.2757711e+01   1.2840513e+02   1.8643780e+02   2.0251123e+00
   2.6957195e+02   5.4162842e+02   8.0546303e+02   1.0616232e+00
   1.2991663e+01   2.8672158e+01   3.6716899e+01   1.7011907e+00
   9.1572998e+01   1.8620924e+02   2.7254048e+02   1.9117374e+00
   5.3945088e+01   1.0927305e+02   1.5916525e+02   5.7053769e-01
   6.0040784e+01   1.2299055e+02   1.7685283e+02   1.0270163e+00
   1.5280270e+01   3.3975187e+01   4.5387973e+01   2.0631384e+00
   2.8253704e+01   5.7333029e+01   7.9244062e+01   1.1669519e+00
   1.4683786e+02   2.9629918e+02   4.3848371e+02   1.9598470e+00
   4.9926002e+01   1.0369259e+02   1.4776255e+02   2.1477141e+00
   5.5817092e+01   1.1269679e+02   1.6463430e+02   6.3092424e-01
   2.7444273e+01   5.8883760e+01   8.3188904e+01   1.9436868e+00
   1.8994376e+01   3.9520873e+01   5.4130714e+01   5.4475284e-01
   6.2203732e+01   1.2739005e+02   1.8556558e+02   2.6609149e+00
   2.8456639e+01   5.7900303e+01   8.2531100e+01   9.9691363e-01
   1.9181892e+01   3.8792182e+01   5.3051126e+01   1.2738805e-01
   5.0988030e+01   1.0411880e+02   1.4995516e+02   2.0109078e+00
   1.3368044e+02   2.7057824e+02   3.9955711e+02   2.3280745e+00
   1.2076507e+02   2.4472718e+02   3.5929954e+02   1.9484209e+00
   6.9859580e+01   1.4216969e+02   2.0707543e+02   2.1096732e+00
   2.3790100e+01   4.7947175e+01   6.7176327e+01   2.7807883e-01
   1.9389695e+02   3.9051160e+02   5.8070453e+02   2.6709428e+00
   8.7243170e+01   1.7780530e+02   2.5991938e+02   1.5348564e+00
   9.1367454e+01   1.8561175e+02   2.7422120e+02   2.3314562e+00
   5.9144873e+01   1.1820194e+02   1.7147178e+02   1.7835927e+00
   1.7279789e+02   3.4840202e+02   5.1757625e+02   8.4254679e-01
   2.4976725e+01   5.2483118e+01   7.2665286e+01   6.8391239e-01
   1.0004286e+02   2.0333925e+02   2.9849409e+02   1.5154722e+00
   1.1855089e+03   2.3717658e+03   3.5515146e+03   5.4061594e-01
   6.2606155e+01   1.2846630e+02   1.8607104e+02   2.1321626e+00
   4.2900698e+01   8.6929700e+01   1.2485278e+02   2.5698846e-01
   3.6799771e+01   7.7808939e+01   1.1009148e+02   2.2050917e+00
   8.7082532e+01   1.7613563e+02   2.5635743e+02   1.9760619e+00
   2.2170502e+01   4.8611769e+01   6.4357566e+01   1.6727234e+00
   6.3107887e+01   1.2790433e+02   1.8520331e+02   4.6236808e-01
   5.6577223e+01   1.1514062e+02   1.6501601e+02   1.0202838e+00
   6.5569288e+01   1.3626721e+02   1.9795103e+02   2.9101099e+00
   3.6676656e+01   7.7118389e+01   1.0922854e+02   1.2174632e+00
   6.9772494e+01   1.4081937e+02   2.0706275e+02   1.9043716e+00
   4.5727127e+01   9.5255072e+01   1.3605346e+02   2.7737253e+00
   3.1620554e+02   6.3326466e+02   9.4437864e+02   1.0010309e+00
   2.0662144e+01   4.1911036e+01   5.7982978e+01   3.2553103e-01
   7.4961593e+01   1.5366026e+02   2.2441294e+02   2.2000485e+00
   3.1234019e+01   6.5160624e+01   9.2562140e+01   1.2147454e+00
   1.6431438e+02   3.3226872e+02   4.9198271e+02   1.2257440e+00
   2.1161713e+01   4.4685456e+01   6.0664639e+01   7.8614341e-02
   4.4795552e+01   9.0683627e+01   1.2882018e+02   1.2712236e+00
   1.1955373e+02   2.4198741e+02   3.5639917e+02   2.4546094e+00
   1.8596779e+01   3.9004737e+01   5.2874690e+01   1.6205906e+00
   4.8047940e+01   9.7360572e+01   1.4176796e+02   2.6686393e-01
   2.5563579e+01   5.1249747e+01   7.2273755e+01   1.8207426e-01
   1.1578689e+01   2.2699577e+01   2.8497004e+01   1.2201825e-01
   5.5956160e+01   1.1362438e+02   1.6507853e+02   1.7606690e+00
   1.7155804e+01   3.8059760e+01   4.7789365e+01   2.5633721e+00
   5.7842760e+01   1.1973441e+02   1.7135943e+02   2.5948148e+00
   5.4384147e+01   1.0844334e+02   1.5799770e+02   5.3040197e-02
   3.9729915e+01   8.3108094e+01   1.1731817e+02   4.4659340e-01
   3.0495917e+01   6.4670795e+01   9.1134306e+01   2.8952084e+00
   1.5957983e+01   3.6285677e+01   4.6034342e+01   2.7673467e+00
   1.9056740e+01   4.1315695e+01   5.5099882e+01   1.7958708e+00
   4.2585090e+01   8.6554332e+01   1.2424658e+02   2.0119986e-01
   2.2351499e+01   4.4699680e+01   6.3959268e+01   5.6612428e-01
   2.8411962e+01   6.0559101e+01   8.3212020e+01   1.8507155e+00
   6.6995882e+01   1.3452855e+02   1.9695764e+02   9.7540459e-01
   1.4869808e+01   3.3068921e+01   4.0209215e+01   1.6249658e+00
   9.6860317e+01   1.9649360e+02   2.8776316e+02   1.7998607e+00
   8.0670565e+01   1.6443367e+02   2.4107881e+02   1.2582361e+00
   8.3645184e+01   1.6996213e+02   2.4815120e+02   1.7333586e-01
   6.6035415e+01   1.3375650e+02   1.9555347e+02   2.5576154e-01
   1.6977112e+01   3.7049756e+01   5.0764113e+01   2.5842366e+00
   1.5701696e+02   3.1831347e+02   4.7066813e+02   2.2641646e+00
   2.5718601e+01   5.2263041e+01   7.2281654e+01   1.8146465e+00
   2.4530133e+01   5.0342146e+01   7.2073570e+01   7.6397723e-01
   5.1992966e+01   1.0346431e+02   1.5098143e+02   1.6528813e-01
   6.3495359e+01   1.3068872e+02   1.8862766e+02   2.9976462e+00
   8.8176524e+01   1.7868407e+02   2.6155739e+02   2.4390182e+00
   1.0271254e+02   2.0768306e+02   3.0446484e+02   5.7928470e-01
   7.1348621e+01   1.4527023e+02   2.1122997e+02   1.0379982e+00
   9.3617177e+01   1.8845423e+02   2.7559935e+02   6.3634913e-01
   2.9936945e+01   6.1376883e+01   8.6992791e+01   1.1977737e-01
   9.1562175e+00   1.9494456e+01   2.3149762e+01   9.8254806e-02
   1.9410062e+02   3.9114727e+02   5.7971760e+02   1.3685313e+00
   5.1995788e+01   1.0594661e+02   1.5322834e+02   2.9055031e+00
   1.0753709e+01   2.2479376e+01   2.7520520e+01   1.7902921e+00
   3.9261411e+01   8.3592944e+01   1.1808228e+02   2.4394256e+00
   3.7095298e+01   7.7124055e+01   1.0883170e+02   1.4266378e+00
   1.2118819e+02   2.4446451e+02   3.6083046e+02   1.5011470e+00
   1.2969328e+02   2.6208050e+02   3.8515778e+02   2.7775801e+00
   2.2133821e+02   4.4629129e+02   6.6276908e+02   2.7893983e+00
   7.9082326e+01   1.5932277e+02   2.3503632e+02   4.1640461e-01
   1.3890480e+01   3.0654172e+01   3.9221750e+01   2.5123232e+00
   3.9156034e+01   7.9857483e+01   1.1198512e+02   2.6165861e+00
   8.4365146e+01   1.7285081e+02   2.5359482e+02   2.9619979e+00
   3.4107723e+01   7.0153323e+01   1.0025910e+02   2.9926333e-01
   4.9857138e+01   1.0241792e+02   1.4604158e+02   1.7188396e+00
   1.0069072e+02   2.0180352e+02   2.9702323e+02   1.5367595e+00
   6.8322587e+01   1.3893638e+02   2.0231517e+02   1.3168334e+00
   2.8908924e+01   5.9229702e+01   8.3552622e+01   1.0184347e+00
   5.5053842e+01   1.1335072e+02   1.6296182e+02   1.8324820e+00
   1.0836872e+01   2.4042435e+01   2.9816611e+01   5.2451677e-01
   1.7242623e+01   3.6604690e+01   4.9729379e+01   1.5533365e+00
   2.5153436e+01   5.4036697e+01   7.3835929e+01   9.2732219e-01
   1.3246708e+01   2.6191029e+01   3.3719227e+01   5.0396496e-01
   6.7606395e+01   1.3737860e+02   2.0122350e+02   1.1390102e+00
   2.6967771e+02   5.4130510e+02   8.0735997e+02   3.4510238e-01
   1.4249199e+02   2.8670953e+02   4.2458799e+02   1.1357743e+00
   6.3268884e+01   1.3112260e+02   1.8961895e+02   2.9586606e+00
   2.5540324e+01   5.3191028e+01   7.4520877e+01   1.2091306e+00
   3.4689077e+01   7.3571378e+01   1.0421763e+02   2.8572461e+00
   4.6536650e+02   9.3331702e+02   1.3930720e+03   7.3517762e-01
   3.8154174e+02   7.6624602e+02   1.1440008e+03   2.1302625e+00
   3.5711087e+01   7.4339653e+01   1.0514740e+02   1.3226079e+00
   7.1881938e+01   1.4555457e+02   2.1277850e+02   2.0704772e+00
   6.8013143e+01   1.3977913e+02   2.0275866e+02   1.5104062e+00
   1.8162569e+02   3.6618153e+02   5.4303261e+02   2.3963786e+00
   1.3916272e+02   2.8048172e+02   4.1567286e+02   9.3582267e-01
   5.1432465e+01   1.0665219e+02   1.5276608e+02   2.3716357e+00
   8.9004671e+01   1.8195564e+02   2.6571898e+02   2.0810268e+00
   1.2987258e+02   2.6264114e+02   3.8687532e+02   1.8179366e+00
   3.4757517e+01   7.2796405e+01   1.0168702e+02   2.0597414e+00
   8.2573982e+01   1.6748756e+02   2.4580613e+02   1.0729229e+00
   2.1877796e+02   4.4062408e+02   6.5384002e+02   2.6146306e+00
   4.1964757e+02   8.3970114e+02   1.2559969e+03   9.5848949e-02
   2.1491499e+02   4.3314331e+02   6.4230452e+02   2.9332815e+00
   1.2311814e+01   2.6427133e+01   3.3671471e+01   6.6154989e-01
   2.2339464e+01   4.6878823e+01   6.5382299e+01   6.6895858e-01
   7.1197444e+01   1.4401823e+02   2.1055044e+02   2.1868379e+00
   3.3291371e+01   6.9158667e+01   9.8209792e+01   1.1838583e+00
   5.7051107e+01   1.1713647e+02   1.6874809e+02   1.1066155e+00
   4.6105307e+01   9.5399923e+01   1.3839475e+02   1.8861233e+00
   2.9014703e+01   6.0893460e+01   8.4701083e+01   2.0751094e+00
   8.2500353e+00   2.1033837e+01   2.4580866e+01   1.3637935e+00
   5.0616765e+01   1.0070463e+02   1.4771287e+02   1.2777291e+00
   1.1934356e+02   2.3880243e+02   3.5386095e+02   7.9315161e-01
   2.8921320e+01   6.0889224e+01   8.3564453e+01   1.4990540e+00
   9.7951991e+00   1.8951799e+01   2.3863321e+01   5.9995995e-01
   5.8152801e+01   1.1803200e+02   1.6927498e+02   5.2691503e-01
   6.4628128e+01   1.3296444e+02   1.9260461e+02   2.8608366e+00
   5.9757024e+01   1.2098603e+02   1.7559758e+02   1.0799595e+00
   3.3235872e+01   6.8825347e+01   9.9029302e+01   8.7962429e-01
   4.4633686e+01   9.2290302e+01   1.3322177e+02   2.8454946e+00
   1.2840321e+02   2.5772404e+02   3.8174842e+02   1.2282656e+00
   2.8791102e+01   6.0020382e+01   8.3451281e+01   4.5950740e-01
   3.4222421e+01   7.1331911e+01   9.9328361e+01   9.4084695e-01
   1.6033179e+01   3.3752219e+01   4.3181705e+01   2.8146460e+00
   8.8055779e+01   1.7823780e+02   2.6003111e+02   1.7546247e+00
   3.6753996e+01   7.8915150e+01   1.1144292e+02   2.9776313e+00
   1.1251352e+01   2.5947975e+01   3.1383625e+01   2.0492861e+00
   1.1554857e+02   2.3333628e+02   3.4374648e+02   2.3521106e+00
   8.0240636e+01   1.6198598e+02   2.3788507e+02   9.2243600e-01
   7.3816866e+00   1.8545976e+01   2.0157069e+01   2.3817706e+00
   1.2665267e+02   2.5623083e+02   3.7847403e+02   1.4180328e+00
   1.8833190e+02   3.7878511e+02   5.6222070e+02   8.7644071e-01
   9.5187683e+00   2.0624795e+01   2.5546348e+01   3.3904983e-01
   3.4409502e+01   7.0598634e+01   1.0026669e+02   1.4105206e+00
   2.0914333e+02   4.2167155e+02   6.2569076e+02   6.2052048e-01
   3.2054143e+01   6.5073311e+01   9.1399739e+01   1.0877275e+00
   1.6742818e+02   3.3842920e+02   4.9916619e+02   2.4358370e+00
   4.3166311e+01   8.8106015e+01   1.2596301e+02   1.1129657e+00
   2.2837174e+02   4.5769346e+02   6.8252042e+02   6.1449312e-01
   7.3506397e+01   1.4902188e+02   2.1755542e+02   1.7858491e+00
   2.0869635e+02   4.2187919e+02   6.2446580e+02   2.7658843e+00
   2.7935976e+01   5.8539181e+01   8.2664726e+01   1.2170721e+00
   6.9654780e+00   1.7011483e+01   1.9652838e+01   1.3306206e+00
   1.8211315e+01   3.8779803e+01   5.1874007e+01   1.7401122e+00
   7.5994680e+00   1.9618634e+01   2.4281557e+01   2.0662585e+00
   3.9210518e+01   8.2209040e+01   1.1746490e+02   2.6058721e+00
   8.5768359e+00   2.1320894e+01   2.4321262e+01   2.8917514e+00
   7.8038638e+01   1.5975436e+02   2.3273855e+02   1.6651483e+00
   2.0430191e+02   4.1080255e+02   6.0885160e+02   2.1473992e+00
   5.5311144e+01   1.1341613e+02   1.6533452e+02   1.3385455e+00
