  -4.3608639e+00   1.0000000e+00  -2.7892437e+00   6.0512268e-01
  -2.5906040e+00   1.0000000e+00  -1.5636564e-01  -5.9848283e-01
   1.3760326e+00   1.0000000e+00   3.3077099e-01   2.9079786e-01
  -1.2788479e+01   1.0000000e+00   1.8164961e+00   1.0321932e+00
   4.7368551e+00   1.0000000e+00   5.9335805e-01   1.4374872e-01
  -5.2549061e+00   1.0000000e+00  -7.1897615e-01  -8.3936815e-01
   1.4663076e+00   1.0000000e+00  -3.5614760e-01   4.1407419e-03
   4.7518845e+00   1.0000000e+00   5.4428553e-01   1.1864998e+00
   8.3598602e-01   1.0000000e+00   3.8104773e-01  -2.6139027e-01
   1.3492113e+00   1.0000000e+00   4.1954121e-01   1.4449693e+00
  -2.1978980e+00   1.0000000e+00   2.8233687e-01  -8.6615462e-01
   1.2677990e+01   1.0000000e+00  -7.6382225e-01   1.2507536e+00
  -1.0010907e+01   1.0000000e+00  -7.6908555e-01  -1.7466512e+00
  -9.5666854e+00   1.0000000e+00  -1.1238678e+00  -1.4393976e+00
  -7.3681125e+00   1.0000000e+00   5.2033182e-03  -1.6842970e+00
  -4.5472525e-01   1.0000000e+00   7.0291886e-01  -4.9647505e-01
  -5.5422515e+00   1.0000000e+00  -6.4538805e-01  -9.0585134e-01
  -6.2332671e-01   1.0000000e+00   8.3407804e-01  -8.2034499e-01
   4.2407922e+01   1.0000000e+00  -3.8130731e-01   1.9069062e+00
  -4.7751501e+00   1.0000000e+00  -1.4876116e+00  -2.3622183e-01
  -1.0420281e+00   1.0000000e+00  -7.1297808e-01   3.8173547e-01
  -3.7837087e+00   1.0000000e+00  -1.8280605e+00   1.6734020e-01
   8.8747577e-01   1.0000000e+00   1.1653917e+00  -3.2329972e-01
   3.0486785e+01   1.0000000e+00   1.9849657e+00   3.5740517e-01
  -4.4908796e+00   1.0000000e+00  -1.8640275e+00   2.2200098e-02
   1.2293397e+00   1.0000000e+00   9.6910122e-02  -2.7903226e-01
   4.7126186e+00   1.0000000e+00   6.9507260e-01   2.7492486e-01
   7.8864748e-01   1.0000000e+00  -4.0976799e-01   9.5571557e-02
  -3.3368208e+00   1.0000000e+00  -1.1587666e+00  -1.2429557e-01
   1.9426630e+00   1.0000000e+00   5.8468365e-02  -4.4836184e-02
   3.2206045e+01   1.0000000e+00   1.1568499e+00   1.0356901e+00
  -1.9051716e+01   1.0000000e+00   7.9997303e-01   1.2924409e+00
  -3.3394838e+00   1.0000000e+00  -4.8993645e-01  -5.0213263e-01
   1.6247827e+00   1.0000000e+00   2.8090272e-01  -2.4393063e-01
   1.4918719e+01   1.0000000e+00   3.4959337e-01   8.8207879e-01
  -4.1485635e+00   1.0000000e+00   5.8727108e-01  -1.4186908e+00
  -2.3273994e+00   1.0000000e+00  -1.8006037e-01  -3.6738037e-01
   2.2561590e+02   1.0000000e+00   5.8925099e-01   2.2359274e+00
   6.1186549e+00   1.0000000e+00  -5.2811287e-01   9.5717066e-01
   6.6238005e+00   1.0000000e+00   1.6594514e-01   7.4031941e-01
  -1.0940249e+00   1.0000000e+00  -7.8469175e-02  -4.3423918e-01
   5.9130530e+00   1.0000000e+00  -2.6629801e-01   9.4876387e-01
  -5.3573691e+00   1.0000000e+00  -1.4816672e+00  -3.9429253e-01
  -3.9312087e+00   1.0000000e+00   1.3397993e+00  -1.7957161e+00
  -4.7848224e+00   1.0000000e+00  -3.5467685e-01  -9.4901164e-01
  -1.2966092e+01   1.0000000e+00  -1.1457203e+00  -2.1056553e+00
   1.8870353e+01   1.0000000e+00  -5.6535729e-01   1.4331367e+00
  -2.5661861e+00   1.0000000e+00  -9.8927857e-02   1.2624370e+00
  -6.4449721e+00   1.0000000e+00   5.5749390e-01  -1.8206234e+00
   1.5795344e+00   1.0000000e+00   8.8693293e-01  -5.7616655e-01
  -1.1149423e+00   1.0000000e+00   2.0491203e-01  -3.7223695e-01
   3.9441568e+00   1.0000000e+00  -2.3855409e-01   9.9031828e-01
   6.8064995e-01   1.0000000e+00   4.9840152e-01   2.3667195e+00
   2.6611799e+00   1.0000000e+00   5.3489603e-01   1.0319254e-01
  -2.8485173e+00   1.0000000e+00  -1.1363593e+00   5.3207681e-03
   8.8851400e+00   1.0000000e+00   6.4429783e-01   2.3406477e-01
  -1.0445568e+01   1.0000000e+00  -7.6427404e-01  -1.8286341e+00
  -5.3706301e+00   1.0000000e+00  -7.4363073e-01  -8.2999676e-01
  -7.0382098e-02   1.0000000e+00   1.0886148e+00  -7.7038971e-01
   1.8410696e+00   1.0000000e+00   1.3294303e-01   7.6822554e-01
  -7.6853532e-01   1.0000000e+00  -1.4592293e+00   8.0569441e-01
   2.9092962e+00   1.0000000e+00   2.3621184e+00  -5.5784564e-02
   5.9920515e-01   1.0000000e+00  -9.1259449e-01   5.7322142e-01
  -2.3327811e+00   1.0000000e+00  -1.0922649e+00   1.2035292e-02
   2.5758928e+01   1.0000000e+00  -5.4783584e-01   1.7406557e+00
  -5.6835843e+00   1.0000000e+00   8.6313828e-02  -1.4017392e+00
   1.8305135e+00   1.0000000e+00   3.9689121e-01  -2.0951444e-01
  -5.4234547e+00   1.0000000e+00  -1.4712122e+00  -3.9943288e-01
   4.3730134e+00   1.0000000e+00  -1.7193057e-02   1.8033210e+00
   2.6843378e+00   1.0000000e+00   1.0742519e+00  -2.3552710e-01
   3.7827071e+00   1.0000000e+00   5.5025759e-01   2.3849849e-01
  -3.6847036e+00   1.0000000e+00   4.8632129e-01  -1.2676060e+00
   4.4124661e+00   1.0000000e+00   2.6392125e-01   1.1444402e-01
  -1.1350652e+00   1.0000000e+00  -1.8977097e+00   6.7384566e-01
   4.3894838e-01   1.0000000e+00  -1.6164904e+00   7.5523015e-01
  -1.0766670e+00   1.0000000e+00   2.4718637e-01  -6.4089405e-01
   6.6936387e+00   1.0000000e+00  -3.5317770e-01   8.9417863e-01
   1.0546690e+01   1.0000000e+00  -1.3229920e+00   1.4527779e+00
   1.8551988e+00   1.0000000e+00   8.6078722e-01  -5.1040753e-01
   1.5806281e+00   1.0000000e+00  -1.4010412e+00   1.2891094e+00
   2.3051910e+01   1.0000000e+00   6.8370442e-01   9.6395823e-01
   3.3153233e+00   1.0000000e+00  -1.7351157e+00   1.6682222e+00
  -1.1798765e+01   1.0000000e+00  -1.0779058e+00  -1.9133305e+00
  -4.1419691e+00   1.0000000e+00  -5.1023053e-02  -1.0154226e+00
   3.3065199e+01   1.0000000e+00  -7.3403927e-01   1.9611295e+00
  -6.5579086e+00   1.0000000e+00  -8.9884622e-01  -9.6937602e-01
   1.2040429e-01   1.0000000e+00   4.7377024e-01  -3.8731440e-01
   3.1098873e+00   1.0000000e+00  -3.3392228e-01   1.9432813e-01
   6.7742737e-01   1.0000000e+00   7.9019128e-01  -4.5687788e-01
  -3.2241210e+00   1.0000000e+00  -5.4628054e-01  -4.7671631e-01
  -3.3799582e+00   1.0000000e+00  -5.8557778e-02  -8.0900750e-01
  -3.3740790e+00   1.0000000e+00  -8.0299464e-01  -3.8767968e-01
  -1.3880906e-01   1.0000000e+00  -3.8405094e-01   4.4473554e-01
  -3.9354286e-01   1.0000000e+00   3.3596873e-02  -7.9813068e-02
  -3.2332230e+00   1.0000000e+00  -1.5312492e-01   1.3250157e+00
  -6.3615870e+00   1.0000000e+00   2.1156428e-01   1.2297305e+00
  -7.6935922e+00   1.0000000e+00   5.5034363e-01  -2.0795546e+00
  -5.0039227e+00   1.0000000e+00   8.8164050e-01  -1.7252425e+00
   2.6170687e+00   1.0000000e+00   1.0143105e-01   2.8668614e-01
   8.5490692e-01   1.0000000e+00   9.0175865e-01   5.0877205e-01
  -3.3865271e+00   1.0000000e+00  -1.1079492e-01  -8.3210572e-01
   3.7519212e+00   1.0000000e+00  -1.9505571e-02   3.4778233e-01
  -9.2577208e-01   1.0000000e+00  -1.4917545e+00   6.9115197e-01
  -3.2963755e+00   1.0000000e+00   1.0772291e+00   9.6800959e-01
   2.1205241e+00   1.0000000e+00   5.9063280e-01  -3.2342921e-01
  -2.6769482e+00   1.0000000e+00  -4.1799556e-01  -4.4736933e-01
  -1.1405407e+00   1.0000000e+00  -3.2145941e-01  -2.8405044e-01
   8.2873774e+00   1.0000000e+00   2.0155757e+00  -4.2817632e-01
   4.4238785e+00   1.0000000e+00   1.1510986e+00   1.2565276e-01
  -5.2550410e+00   1.0000000e+00   1.7027866e+00   1.1367671e+00
   1.3361131e+01   1.0000000e+00   8.1405586e-01   1.2150620e+00
  -3.3255223e+01   1.0000000e+00   4.5023810e-01   1.6440946e+00
  -3.1353159e+00   1.0000000e+00  -4.1863683e-01  -5.7776079e-01
   1.2713034e+00   1.0000000e+00   8.3598164e-01   9.9288873e-01
  -1.3664398e+00   1.0000000e+00   4.8411712e-01  -7.4289122e-01
  -6.7441012e+00   1.0000000e+00  -6.3021760e-01  -1.1752163e+00
   2.8000937e-01   1.0000000e+00  -8.4821717e-01   3.9907092e-01
   4.7303182e+00   1.0000000e+00  -9.0488889e-01   8.9322793e-01
  -2.6585231e+00   1.0000000e+00  -5.1306569e-01  -3.9723329e-01
   1.8904500e+00   1.0000000e+00  -6.5283968e-01   4.6232867e-01
  -1.4907777e+00   1.0000000e+00   1.9262671e-01  -5.8916593e-01
   2.5021644e+01   1.0000000e+00   4.6975610e-01   1.2881177e+00
   3.6049758e+00   1.0000000e+00  -1.1580969e+00   1.3816340e+00
  -7.5957698e+00   1.0000000e+00   6.0199584e-01   1.3756905e+00
  -2.2508257e+00   1.0000000e+00   3.5837858e-01  -9.4367670e-01
  -3.7305241e+00   1.0000000e+00  -4.9432341e-01  -6.3776190e-01
   6.7458443e-01   1.0000000e+00  -3.5195109e-01   9.2128538e-03
   1.1293940e+00   1.0000000e+00  -1.4219878e+00   1.1273081e+00
  -6.2603153e+00   1.0000000e+00   1.6856355e-01  -1.5514121e+00
  -1.8067795e+00   1.0000000e+00  -3.9727049e-01  -3.0491379e-01
   4.1562253e+00   1.0000000e+00   5.2530771e-01   6.6237420e-02
  -2.8708294e+00   1.0000000e+00  -1.7390844e+00   3.0836763e-01
   3.3610097e+00   1.0000000e+00  -6.4465457e-01   1.2743140e+00
  -6.5507835e+00   1.0000000e+00  -1.3437068e+00  -7.0489226e-01
   7.3033172e+00   1.0000000e+00   2.3493107e-01   8.4231510e-01
   3.2721516e+00   1.0000000e+00   1.5421277e+00  -7.9376278e-01
  -4.1211633e+00   1.0000000e+00  -3.9415470e-01  -8.0606475e-01
   6.8628395e+00   1.0000000e+00   6.7503797e-01   4.7364925e-01
  -3.2805760e+00   1.0000000e+00  -9.4321872e-01  -3.3740359e-01
  -6.4960445e+00   1.0000000e+00  -1.5260623e+00  -5.9542792e-01
   7.3107927e+00   1.0000000e+00   1.0111064e+00   5.6717377e-01
   5.4318952e+00   1.0000000e+00  -2.2886579e-01   5.9028698e-01
   2.7030232e+00   1.0000000e+00  -8.4710517e-01   8.9973810e-01
   1.8081095e+00   1.0000000e+00  -8.3799589e-01   7.3733247e-01
   2.8564769e+00   1.0000000e+00   3.0369772e-01   6.0496701e-01
  -9.4183783e+00   1.0000000e+00  -9.7396759e-01  -1.4966016e+00
  -3.5308111e+00   1.0000000e+00  -2.4970673e-01  -7.2654660e-01
   5.3312878e+00   1.0000000e+00  -4.7753486e-01   8.0168601e-01
   2.7152043e+00   1.0000000e+00  -1.5884800e+00   8.5732487e-01
  -1.2174557e+00   1.0000000e+00  -2.6836711e-01  -2.3561227e-01
  -9.8769450e-01   1.0000000e+00  -3.3700029e-01  -2.5833680e-01
   1.3138120e+00   1.0000000e+00  -2.3507056e-01   1.5111928e-01
  -3.3910679e+00   1.0000000e+00   4.9097714e-01   6.0322922e-01
   3.9439651e+00   1.0000000e+00  -9.7110737e-01   9.0645387e-01
  -7.8796959e-01   1.0000000e+00  -6.0165524e-01   1.2486593e-02
   1.7163874e-02   1.0000000e+00  -2.8191050e-02  -2.6390885e-01
   1.9040233e+01   1.0000000e+00  -3.7491204e-01   1.4233115e+00
  -1.7005108e+00   1.0000000e+00  -1.6398917e+00   1.2031832e+00
   1.2754735e+01   1.0000000e+00   1.1058224e+00   2.2133465e-01
  -5.0693751e-01   1.0000000e+00   8.7932289e-01  -9.4575718e-01
  -9.2117946e-01   1.0000000e+00  -3.8403933e-01  -1.2634424e-01
   6.6374294e+00   1.0000000e+00  -1.0693946e+00   1.0528231e+00
  -7.5634718e+00   1.0000000e+00  -1.2210316e+00  -9.7388965e-01
  -6.1773258e+00   1.0000000e+00   3.9609583e-01  -1.6764264e+00
  -6.1937450e+00   1.0000000e+00  -1.0164225e+00  -8.1221100e-01
  -5.3279850e+00   1.0000000e+00  -5.7090909e-01  -8.8913117e-01
   9.3471770e+00   1.0000000e+00   4.3043833e-01   1.9944944e+00
  -1.0927989e+01   1.0000000e+00  -1.2635006e+00  -1.6288024e+00
  -7.1036833e-01   1.0000000e+00  -2.3713497e-01  -1.3945085e-01
  -5.8524111e+00   1.0000000e+00  -7.4912509e-01  -9.1743762e-01
   6.6253726e+00   1.0000000e+00  -8.0351698e-01   9.2844921e-01
   9.4279863e-02   1.0000000e+00  -4.7148230e-01   4.0693656e-01
   1.1001983e-01   1.0000000e+00  -1.0640930e+00   6.3634402e-01
   6.2382483e+00   1.0000000e+00   6.4865626e-01   9.8549766e-01
   9.7912717e-01   1.0000000e+00   4.2932272e-01   2.1152293e-01
   4.1538384e-01   1.0000000e+00   1.1184948e+00   6.0432914e-01
  -2.2999801e+00   1.0000000e+00  -4.6673412e-01  -4.2168480e-01
  -7.1378317e-01   1.0000000e+00  -1.3572776e+00   3.0552435e-01
   6.0070879e-01   1.0000000e+00   3.6787885e-01   1.3081141e+00
  -4.3975912e-01   1.0000000e+00  -7.6811920e-02  -2.1095924e-01
   7.4079891e-01   1.0000000e+00   1.5868025e-01   1.4774607e-01
   1.3597779e+01   1.0000000e+00   1.3252427e-01   1.1574249e+00
  -6.4093118e-01   1.0000000e+00   3.4605037e-01  -5.1269274e-01
  -6.5100904e+00   1.0000000e+00   4.8747885e-02  -1.5209281e+00
   8.5531800e+00   1.0000000e+00   4.6113337e-02   9.5640926e-01
  -8.3161464e+00   1.0000000e+00  -4.1531135e-01  -1.6119387e+00
   2.5165081e+01   1.0000000e+00   1.6475733e+00   1.3424821e+00
   3.2831861e+00   1.0000000e+00  -2.4702391e-01   1.4540643e+00
  -3.4318005e+00   1.0000000e+00  -1.2599351e+00  -1.7722727e-01
   1.0642839e+01   1.0000000e+00   4.2176649e-01   5.1455455e-01
  -2.8957491e+00   1.0000000e+00  -1.2914361e+00   1.3418153e-02
  -6.1550962e+00   1.0000000e+00  -1.5778115e+00  -5.1908235e-01
   5.5479002e+00   1.0000000e+00   1.5719782e+00  -9.4048294e-02
   7.4172672e+00   1.0000000e+00   1.1407294e-02   1.1108344e+00
  -3.8773663e-01   1.0000000e+00   1.1183239e+00  -9.6449327e-01
  -4.7260031e+00   1.0000000e+00   5.2317076e-01  -1.4835599e+00
  -4.5888202e+00   1.0000000e+00   1.1458178e-01  -1.1893201e+00
   4.7558217e+01   1.0000000e+00   1.3511772e+00   7.2231093e-01
   3.0184337e+00   1.0000000e+00   4.4676321e-01  -9.2457764e-02
  -2.2708818e+00   1.0000000e+00   9.9440084e-01  -1.2509696e+00
   1.6615108e+01   1.0000000e+00   9.7281083e-01   6.0954078e-01
  -6.4205019e+00   1.0000000e+00  -2.1520902e+00  -1.9249366e-01
   7.4622252e+00   1.0000000e+00   1.5452784e+00   2.4769328e-01
  -4.1717314e+00   1.0000000e+00  -6.9875599e-02  -9.7953426e-01
  -3.1624620e+00   1.0000000e+00  -1.9827081e+00   3.0954333e-01
  -1.9836989e+00   1.0000000e+00  -2.7954231e+00   1.1791177e+00
   1.2239742e+00   1.0000000e+00  -6.8739726e-02   2.9054519e-01
  -9.9382619e+00   1.0000000e+00  -2.4138186e+00  -7.4090754e-01
   1.1996862e+01   1.0000000e+00  -1.1235728e-01   1.3077072e+00
   4.5812588e+00   1.0000000e+00   3.5153572e-01   1.8601744e-01
  -3.5076419e+00   1.0000000e+00   7.3202111e-01  -1.3160673e+00
  -8.2273935e+00   1.0000000e+00   1.0071548e+00   1.1404407e+00
  -8.9639644e+00   1.0000000e+00  -1.4685425e+00  -1.1136535e+00
  -8.3175099e+00   1.0000000e+00  -7.6048512e-01  -1.4003042e+00
   1.5487688e+00   1.0000000e+00   1.1497007e+00  -4.2376522e-01
  -1.4548341e+00   1.0000000e+00  -3.8285150e-01   9.4951759e-02
  -9.3636983e-01   1.0000000e+00  -4.6460916e-01  -6.4694777e-02
  -1.2698767e+01   1.0000000e+00  -1.8334572e+00  -1.6410327e+00
  -4.3664770e-01   1.0000000e+00  -2.2660127e+00   9.8945585e-01
  -1.5785865e+00   1.0000000e+00  -1.6925727e+00   5.5786609e-01
   2.1814790e+00   1.0000000e+00   1.9064050e-02   3.7335386e-01
  -3.4612216e-01   1.0000000e+00  -1.5072702e+00   4.9663974e-01
   1.5745638e+00   1.0000000e+00   3.2846146e-01  -1.5057329e-01
   1.1680516e+01   1.0000000e+00   9.7888134e-01   3.6369141e-01
   3.2270912e+00   1.0000000e+00   9.5839789e-01  -3.7239331e-01
   1.8467303e+00   1.0000000e+00   1.0944903e+00  -4.7492232e-01
   2.5043329e+00   1.0000000e+00   4.4758732e-01   1.4436433e-01
   1.5154640e+01   1.0000000e+00   3.8048394e-01   7.6529701e-01
  -1.5432421e+00   1.0000000e+00   5.9474254e-01  -8.4242030e-01
  -7.0685096e+00   1.0000000e+00   9.4073258e-01  -2.1792921e+00
  -8.4581130e+00   1.0000000e+00  -1.1165870e+00  -1.2240641e+00
  -3.3625093e-01   1.0000000e+00  -5.8497165e-01   1.1343317e-01
  -6.2507931e-01   1.0000000e+00  -2.0637492e-01  -2.4029138e-01
  -6.8936449e+00   1.0000000e+00   3.2153190e-01  -1.7710960e+00
   4.0054672e+01   1.0000000e+00   7.4824350e-02   2.3285320e+00
  -6.6672549e+01   1.0000000e+00   3.7626203e-01   1.8107362e+00
  -5.6797950e+00   1.0000000e+00  -5.6132706e-02  -1.3218272e+00
   8.1647226e+00   1.0000000e+00   1.7672412e+00  -6.2344778e-02
   7.5324223e-01   1.0000000e+00   1.4262467e+00  -9.9618301e-01
  -1.2802988e+02   1.0000000e+00   7.2757709e-01   1.9365607e+00
  -6.2889649e+00   1.0000000e+00  -8.1977757e-01  -9.6019952e-01
  -1.3312422e-01   1.0000000e+00   5.0476090e-01   1.4929759e-01
  -9.0614650e+00   1.0000000e+00  -1.5000216e+00  -1.1094095e+00
  -4.8434686e+00   1.0000000e+00   1.0065045e+00   4.7504488e-01
   1.6325909e+00   1.0000000e+00  -8.3139398e-02   1.1589419e-01
  -7.8117667e+00   1.0000000e+00  -6.4103704e-01  -1.3821091e+00
  -3.6627011e-01   1.0000000e+00   8.2716415e-01  -3.2684537e-01
  -3.1058597e+00   1.0000000e+00  -2.2338326e+00   4.8572736e-01
   5.9003253e+00   1.0000000e+00  -3.5781746e-01   5.8674894e-01
   2.0789165e+00   1.0000000e+00   1.3739518e+00   2.5167159e-02
   6.5708205e+01   1.0000000e+00   1.0432891e+00   1.2299447e+00
  -1.1608138e+00   1.0000000e+00   1.0215575e+00  -1.0113139e+00
   4.3843641e+00   1.0000000e+00   2.9768561e-01   6.0765090e-02
  -6.0693572e+00   1.0000000e+00  -1.7770173e+00  -3.3750194e-01
  -3.0923619e+00   1.0000000e+00   6.5416533e-01  -1.2155178e+00
   7.3836155e-02   1.0000000e+00   8.2758457e-01  -4.3989426e-01
   5.8568528e-01   1.0000000e+00   6.6962412e-01  -4.5880625e-01
  -9.1853926e+00   1.0000000e+00  -1.0618983e+00  -1.3978980e+00
   3.6370459e-01   1.0000000e+00  -7.2838883e-01   2.0594410e-01
  -6.8975692e+00   1.0000000e+00  -5.1479511e-01  -1.2817676e+00
  -3.4961031e+00   1.0000000e+00  -8.6823739e-01  -3.3370511e-01
  -1.0998883e+00   1.0000000e+00   6.2524836e-01  -7.7020463e-01
  -1.1648110e+01   1.0000000e+00  -2.7405443e-01  -2.3642310e+00
   1.3683412e+00   1.0000000e+00   6.5633448e-01   4.0479662e-02
   1.0100936e+01   1.0000000e+00   1.7653373e-01   1.3459905e+00
  -3.8362271e+00   1.0000000e+00  -1.2484625e+00  -1.9314887e-01
   2.3731833e+01   1.0000000e+00   1.7070957e+00   1.5297410e+00
   1.8930179e+00   1.0000000e+00  -3.9231033e-01   8.8185084e-02
   2.6272537e+00   1.0000000e+00   9.9563486e-01  -3.5573877e-01
   1.0305615e+02   1.0000000e+00   2.2839618e+00   1.4868124e+00
  -1.5848561e+00   1.0000000e+00  -3.3341344e-01  -3.0706238e-01
   1.4053137e+01   1.0000000e+00   7.2163567e-01   6.2167456e-01
  -6.2935619e+00   1.0000000e+00   8.3628991e-01  -1.9623425e+00
  -4.1122736e+00   1.0000000e+00   4.2261394e-01  -1.2902653e+00
   2.4938268e+00   1.0000000e+00  -1.5815462e-01   3.7019027e-01
  -1.7949544e-01   1.0000000e+00  -3.0900334e-01   9.1243797e-01
   4.4998491e+02   1.0000000e+00   1.3345786e-01   2.6964586e+00
   1.0156557e+01   1.0000000e+00  -4.5499306e-01   1.1967787e+00
  -1.1796770e+00   1.0000000e+00  -1.3235119e+00   5.3820237e-01
  -3.1314985e-01   1.0000000e+00   6.7321525e-01  -7.6831859e-01
  -4.2648866e+00   1.0000000e+00   1.3187826e+00   3.9914872e-01
   5.4431624e-02   1.0000000e+00   1.1380649e+00  -8.8402789e-01
  -1.0661508e+01   1.0000000e+00   5.5086344e-01   1.3924187e+00
  -1.7454265e+00   1.0000000e+00  -1.1921926e+00   8.9253079e-02
   3.8834102e+00   1.0000000e+00   3.6251071e-01   1.7761615e-01
  -3.1977220e+00   1.0000000e+00  -5.8766481e-01  -5.5235867e-01
  -6.9147406e+00   1.0000000e+00   7.4952105e-01  -2.0205783e+00
   2.9142826e+00   1.0000000e+00   1.6532705e+00  -6.0312120e-01
  -9.3082107e+00   1.0000000e+00  -7.1825958e-01  -1.6339988e+00
   3.1241316e+00   1.0000000e+00   4.4847267e-01  -1.6131570e-01
  -9.9097384e+00   1.0000000e+00  -1.6705297e+00  -1.1795193e+00
  -1.6586899e+00   1.0000000e+00   2.7352298e-02  -6.5552603e-01
   5.4252267e+00   1.0000000e+00   6.4643340e-02   5.0184054e-01
   2.5817172e-02   1.0000000e+00   1.6285635e-01  -3.5313096e-01
   4.9347710e-01   1.0000000e+00   4.6941672e-01   2.9192829e-01
  -5.4794999e+00   1.0000000e+00  -1.2832118e+00  -5.3089624e-01
  -4.0517475e+00   1.0000000e+00   3.1076891e-01  -1.1828754e+00
  -8.0051440e+00   1.0000000e+00  -2.0428875e+00  -5.7641544e-01
  -1.9852609e+00   1.0000000e+00  -9.6196471e-01   5.1225079e-02
   2.1672721e+00   1.0000000e+00  -6.6861386e-01   6.0921233e-01
  -4.4230374e+00   1.0000000e+00   3.3815958e-01  -1.2929101e+00
  -1.4582259e+00   1.0000000e+00  -5.9308571e-02  -5.6338579e-01
  -2.5689747e+00   1.0000000e+00  -7.0012080e-02  -7.4071996e-01
  -1.5498633e+00   1.0000000e+00   8.2516523e-01  -9.8736741e-01
   7.2115248e+01   1.0000000e+00   8.5139624e-01   1.8517902e+00
   4.9676750e+00   1.0000000e+00   9.7991737e-02   1.0908173e-01
  -7.8236215e+00   1.0000000e+00  -1.3092742e+00  -9.7231847e-01
  -9.9986398e-02   1.0000000e+00  -1.7757038e-02   9.1842166e-02
  -1.2536667e+01   1.0000000e+00  -1.6871254e+00  -1.6945075e+00
  -7.4804585e+00   1.0000000e+00   6.3400794e-01   1.6050987e+00
   5.0137167e+00   1.0000000e+00   7.5914480e-01   1.7282045e-01
   4.5516855e+00   1.0000000e+00   4.0301466e-01   7.9837401e-02
  -8.8429093e+00   1.0000000e+00   1.3275286e+00  -2.7689945e+00
   2.4983898e+00   1.0000000e+00   1.8887073e+00  -4.8643243e-01
   7.7574854e-01   1.0000000e+00   7.5408937e-01  -6.1932403e-01
  -4.7028559e-01   1.0000000e+00   8.5745161e-02   8.4014975e-01
  -2.7416458e+00   1.0000000e+00   8.9365581e-01  -1.2813774e+00
   1.9709554e-01   1.0000000e+00  -4.0616519e-01   6.6486275e-01
   3.4816579e+00   1.0000000e+00  -1.0008977e+00   8.7748630e-01
  -8.6299701e+00   1.0000000e+00  -2.8070730e+00  -2.2813894e-01
  -1.2219546e+00   1.0000000e+00  -7.5219954e-01   2.4145256e-02
  -4.0003209e+00   1.0000000e+00   8.7615835e-01  -1.5514538e+00
  -3.2600829e+00   1.0000000e+00  -3.5563399e-01  -6.2938389e-01
  -1.0295594e+01   1.0000000e+00  -7.8622987e-01  -1.7953930e+00
  -6.1913094e+00   1.0000000e+00  -2.3108122e-01   1.3008816e+00
   3.4546149e-01   1.0000000e+00  -1.4234731e+00   7.3838143e-01
   2.7956506e+00   1.0000000e+00  -7.2240620e-03   1.1954877e-01
  -4.1502057e-01   1.0000000e+00  -2.3673611e-01   1.0834100e-01
  -6.6641403e+00   1.0000000e+00  -2.0759840e+00  -3.0430172e-01
  -5.5251486e+00   1.0000000e+00   5.3475307e-02  -1.3376764e+00
  -1.4182807e+00   1.0000000e+00  -5.5952860e-01  -1.8450989e-01
  -2.4096954e+00   1.0000000e+00   4.3777737e-01  -9.9057757e-01
  -5.9808935e+00   1.0000000e+00   7.5244776e-01   2.1347938e-01
  -1.3426813e+00   1.0000000e+00   8.4074814e-01  -9.8309427e-01
   1.2512550e+01   1.0000000e+00   9.9180410e-01   4.4533053e-01
  -9.7052170e-02   1.0000000e+00   4.8374870e-01  -5.2332797e-01
  -4.3752033e+01   1.0000000e+00   1.7323877e+00   8.7638734e-01
  -6.1786529e+00   1.0000000e+00   8.9586559e-02  -1.4777041e+00
   3.8429480e+00   1.0000000e+00   1.7815485e+00  -3.8733454e-01
   5.4125257e+00   1.0000000e+00  -2.4091473e-02   1.1106666e+00
   2.5838090e+00   1.0000000e+00  -1.0737582e+00   8.4737684e-01
   4.4536047e+01   1.0000000e+00  -3.4155401e-01   1.9539241e+00
   1.4202411e+00   1.0000000e+00  -6.9915153e-01   2.4031722e-01
  -4.1283085e+00   1.0000000e+00   1.0420729e+00  -1.5995075e+00
   3.3272631e+00   1.0000000e+00  -2.7684521e-01   7.4011070e-01
   7.3037631e-02   1.0000000e+00  -1.9918663e-01  -1.3742756e-01
  -2.0275147e+00   1.0000000e+00   5.2847784e-01  -9.6186029e-01
   1.0688382e+01   1.0000000e+00   1.2916065e+00   7.8852700e-01
   2.8881906e+01   1.0000000e+00   1.3538494e-01   1.3559049e+00
   4.9951915e+00   1.0000000e+00   7.1797869e-01   2.5548723e-01
  -9.0807915e+00   1.0000000e+00   2.6081929e-01   1.4994083e+00
   5.7744649e+00   1.0000000e+00   5.3757227e-01   4.4420720e-01
  -3.4414786e+01   1.0000000e+00   1.3069994e+00   1.6508742e+00
   3.6642769e+00   1.0000000e+00   6.5410149e-01  -2.2570591e-01
   6.8793566e-01   1.0000000e+00   7.3823377e-01   1.1398181e+00
  -1.5491174e+00   1.0000000e+00  -1.5286422e+00   1.3055396e+00
   9.5611968e+00   1.0000000e+00   1.2354377e+00   1.9212198e-01
   8.1521389e+00   1.0000000e+00  -2.2449678e-01   8.8146173e-01
   1.6629764e+00   1.0000000e+00  -1.0170136e+00   1.0068553e+00
  -8.2141803e+00   1.0000000e+00  -1.7037520e+00  -8.3010691e-01
   2.3259305e-01   1.0000000e+00  -1.3728500e+00   1.0507470e+00
   3.0927625e-01   1.0000000e+00  -1.3839475e+00   1.3326614e+00
   1.8309305e+00   1.0000000e+00  -9.8890746e-01   4.9765028e-01
  -6.9709245e+00   1.0000000e+00  -1.7528794e+00  -5.3974619e-01
  -9.2980256e-01   1.0000000e+00  -1.6820049e+00   6.6154039e-01
  -2.5150723e+00   1.0000000e+00  -6.6180764e-01  -3.1206073e-01
   1.3949067e+01   1.0000000e+00  -1.4155805e+00   2.1096413e+00
  -3.8541453e-01   1.0000000e+00  -4.4156849e-01   2.0804714e-02
  -1.1406395e+01   1.0000000e+00  -2.8806923e+00  -7.5137623e-01
  -7.5010487e+00   1.0000000e+00  -2.1790701e+00  -3.9504994e-01
  -5.3886351e+00   1.0000000e+00  -6.3863063e-01  -9.1069735e-01
   1.8493679e-01   1.0000000e+00   4.3338489e-01  -3.1768597e-01
  -9.8790198e+00   1.0000000e+00   9.6586087e-01   7.7337078e-01
   1.6739048e+00   1.0000000e+00  -5.3211965e-01   6.6502647e-01
   3.3471479e+00   1.0000000e+00   9.8617172e-01   7.4011408e-01
   9.3979743e-01   1.0000000e+00   9.1142424e-01  -7.1470027e-01
  -4.1771160e+00   1.0000000e+00   3.7273833e-01  -1.2454085e+00
  -4.4490213e+00   1.0000000e+00  -1.3522126e+00  -2.4781585e-01
   1.2105438e+01   1.0000000e+00  -5.4283527e-01   1.2872956e+00
  -7.4289951e+00   1.0000000e+00  -8.7986753e-01  -1.1598031e+00
   3.3892723e+00   1.0000000e+00   1.5980695e-01   4.0523628e-01
   3.8447349e+00   1.0000000e+00  -1.4098291e+00   1.2519835e+00
  -1.5450085e-01   1.0000000e+00   1.7466972e+00  -1.3389037e+00
  -1.2864410e+01   1.0000000e+00  -2.4416288e+00  -1.3079113e+00
   4.2495460e+00   1.0000000e+00   2.2774995e-01   7.1265539e-02
   2.1588175e+00   1.0000000e+00   2.4206717e+00  -1.2436958e+00
  -2.0238872e+00   1.0000000e+00  -5.3893984e-01  -2.0945755e-01
  -5.4713536e-01   1.0000000e+00   1.6263221e+00  -1.2118629e+00
  -2.0619454e+00   1.0000000e+00   8.7163264e-01  -1.1839463e+00
   9.2170578e+00   1.0000000e+00  -7.2039056e-01   1.1793668e+00
   1.6619683e+00   1.0000000e+00   4.2774933e-01   1.8772709e-01
  -4.1077054e+00   1.0000000e+00  -2.0346718e-01  -9.4269400e-01
   2.6727224e+00   1.0000000e+00  -4.3028244e-01   6.7546707e-01
   4.9378503e+00   1.0000000e+00   2.0095612e-01   3.5431218e-01
   5.4693000e-01   1.0000000e+00   1.2750554e+00  -8.9516316e-01
   3.4926912e+02   1.0000000e+00   1.2196703e+00   1.9798440e+00
   6.5818840e+01   1.0000000e+00  -5.1468751e-01   2.1669022e+00
  -6.3125491e+00   1.0000000e+00  -2.1573643e-01   1.3407368e+00
  -6.5171933e+00   1.0000000e+00   1.8072309e+00   1.0459665e-01
   4.3111489e+00   1.0000000e+00  -3.3182961e-01   5.4369725e-01
  -1.9129910e+00   1.0000000e+00   3.0669850e-01  -6.3413303e-01
  -2.1158306e+00   1.0000000e+00  -7.0108269e-01   7.8490229e-01
  -3.6760641e+00   1.0000000e+00   6.8199449e-01  -1.3654740e+00
   1.8975089e+00   1.0000000e+00  -6.2743625e-01   4.7476660e-01
  -4.4323033e+00   1.0000000e+00  -8.7538954e-02  -1.0278196e+00
  -2.8722842e-01   1.0000000e+00  -1.2431984e-01  -1.3164445e-01
   3.3738719e+01   1.0000000e+00   2.6287970e+00  -5.4202296e-03
   8.9744611e-01   1.0000000e+00   8.4090460e-01  -4.0376167e-01
  -3.1870163e+02   1.0000000e+00   1.4840907e+00   2.4224921e+00
   7.2497869e+00   1.0000000e+00  -4.8057177e-01   8.7892750e-01
  -1.3638207e+00   1.0000000e+00  -6.7641045e-01  -6.3193582e-02
  -2.3571240e+00   1.0000000e+00  -1.5449179e+00   2.1821566e-01
  -1.3698907e-01   1.0000000e+00   4.0066894e-01  -4.8788492e-01
   1.2755070e+01   1.0000000e+00   8.7706757e-01   6.6292729e-01
  -1.3741660e+00   1.0000000e+00   2.8865620e-01  -7.0177790e-01
   2.1352168e+00   1.0000000e+00   1.0829530e-01   3.5979141e-01
   2.3978073e+00   1.0000000e+00   9.6130105e-01  -4.6425508e-01
   3.9929437e+00   1.0000000e+00   8.8808865e-01   3.3027009e-01
  -2.1383352e+00   1.0000000e+00  -2.5262756e-01   3.1147013e-02
   2.5225582e+00   1.0000000e+00  -6.3941679e-01   5.5875071e-01
   1.0863433e+00   1.0000000e+00   2.9637465e+00  -1.2639926e+00
  -3.7865148e+00   1.0000000e+00  -4.5600498e-01  -7.2849501e-01
  -5.9672529e+00   1.0000000e+00   4.0164709e-01  -1.6361607e+00
   1.3908085e+00   1.0000000e+00  -7.9601778e-01   4.8169776e-01
  -1.8949627e+00   1.0000000e+00  -9.1743781e-01  -1.3258197e-01
  -1.0211191e+00   1.0000000e+00   7.5146149e-01  -8.9040119e-01
  -2.3693521e+00   1.0000000e+00  -7.7941629e-01  -2.0409292e-01
  -3.0252945e+00   1.0000000e+00  -7.6030971e-01  -3.7909577e-01
   1.2161355e+01   1.0000000e+00   2.7776563e-01   1.0634335e+00
  -5.4065242e+00   1.0000000e+00  -1.3864565e+00  -4.5855351e-01
  -5.9191600e-01   1.0000000e+00  -2.7076782e-01  -1.6960243e-01
   1.6491202e+00   1.0000000e+00   7.4122989e-01   3.2937002e-01
  -4.7411522e-01   1.0000000e+00   6.9865787e-01  -7.3032715e-01
  -4.4708577e-02   1.0000000e+00  -8.7879235e-01   2.5180869e-01
   4.7881169e+00   1.0000000e+00   6.6635652e-01   6.8100651e-02
   6.9521608e-01   1.0000000e+00  -8.3678977e-03   7.9189143e-01
  -1.2166229e+01   1.0000000e+00  -1.1160253e+00  -1.9649326e+00
   1.1739328e+01   1.0000000e+00   9.4576480e-02   7.6896741e-01
   1.2061654e-01   1.0000000e+00   6.1534576e-02  -7.4906486e-03
   2.3315962e+01   1.0000000e+00   6.3018764e-01   1.6930415e+00
   6.4889254e+00   1.0000000e+00   1.0029282e+00   7.3992008e-02
  -5.3447804e+00   1.0000000e+00   1.3730208e+00  -2.0953687e+00
  -3.3169300e-01   1.0000000e+00  -3.1603109e-01  -1.9945119e-01
   3.6711069e+00   1.0000000e+00   5.7404185e-02   5.0921720e-01
   9.4152294e-01   1.0000000e+00   8.2847138e-01  -5.1113930e-01
   1.3789171e+01   1.0000000e+00   7.2595720e-01   1.2642003e+00
   2.7822704e+01   1.0000000e+00   2.8026425e+00   5.2340563e-01
   6.0307617e-01   1.0000000e+00  -5.8607660e-02   7.2635500e-01
  -8.8339036e-01   1.0000000e+00  -1.7678926e-01  -2.2937424e-01
   3.6894852e+00   1.0000000e+00   1.7130046e-01   1.0059659e+00
  -4.2918540e+00   1.0000000e+00  -7.0848815e-01  -6.3560422e-01
  -1.8832312e+00   1.0000000e+00  -2.1453251e+00   8.4394026e-01
  -6.6971613e+00   1.0000000e+00  -2.2668563e+00  -1.8280093e-01
   3.4141121e-01   1.0000000e+00  -5.5155185e-01   4.4476450e-02
  -1.5619716e+01   1.0000000e+00   1.2457345e+00   8.0427025e-01
  -1.2720490e+00   1.0000000e+00  -2.8737833e-01  -2.3624282e-01
  -3.3456587e+01   1.0000000e+00   1.1464177e+00   1.8172914e+00
  -9.0655872e+00   1.0000000e+00  -1.5379280e+00  -1.0984672e+00
   1.9665909e-02   1.0000000e+00  -1.2248707e-01  -4.7399044e-03
  -1.4024614e+01   1.0000000e+00  -7.4950899e-01   2.0030614e+00
   5.4200732e-01   1.0000000e+00   6.0553829e-01  -6.5679224e-01
  -6.9220587e-01   1.0000000e+00  -8.1133400e-01   1.0767815e+00
   7.4933417e+00   1.0000000e+00   5.0450078e-01   1.4076015e+00
  -6.6902483e+00   1.0000000e+00  -2.1246743e+00  -2.6770552e-01
  -1.3502049e+01   1.0000000e+00  -1.2580243e+00  -2.1454346e+00
  -8.1223881e+00   1.0000000e+00  -1.3433466e+00  -1.0228174e+00
  -8.9666784e+00   1.0000000e+00  -4.8096972e-01  -1.7048665e+00
   1.7592843e+01   1.0000000e+00   1.0808505e+00   8.2571854e-01
  -8.7145971e-01   1.0000000e+00  -7.8270248e-01   1.8722323e-01
   2.6689061e+00   1.0000000e+00   7.6536044e-01  -2.7577688e-01
  -5.8657077e-01   1.0000000e+00  -1.7672434e+00   6.5045623e-01
   6.1435934e+00   1.0000000e+00   1.0244921e+00   4.9330392e-02
   7.2606150e-01   1.0000000e+00  -2.4281130e-01  -8.7245346e-02
   1.1732362e+02   1.0000000e+00   1.2186186e-01   2.2242053e+00
  -5.1429576e+00   1.0000000e+00  -1.6146076e+00  -2.3350989e-01
   1.0426288e+00   1.0000000e+00   2.3501946e-02   1.4406232e-01
  -9.5628325e+00   1.0000000e+00  -1.2536922e+00  -1.3621453e+00
  -3.0619475e+00   1.0000000e+00   6.8668772e-01   1.3049524e+00
   1.3127049e+00   1.0000000e+00   1.8109201e+00   3.1761632e-02
  -5.8056250e-02   1.0000000e+00   1.6938667e+00  -1.2176326e+00
   1.5647354e+00   1.0000000e+00  -1.0920408e+00   1.2895732e+00
   3.4193460e+00   1.0000000e+00   1.3163181e+00  -3.6523431e-01
   1.3958594e+01   1.0000000e+00  -1.2657772e+00   1.5086657e+00
   4.9495215e+01   1.0000000e+00   1.7066565e+00   7.2354718e-01
  -8.2702098e+00   1.0000000e+00  -1.5279760e+00  -9.3793761e-01
  -1.6172116e+02   1.0000000e+00  -1.3583268e+00   4.0161587e+00
   4.4295214e+00   1.0000000e+00   7.8834735e-01   1.1432251e-01
  -1.4200469e+02   1.0000000e+00   2.2791160e+00   1.7395240e+00
   1.8333707e+00   1.0000000e+00  -1.8597754e+00   1.0004963e+00
   1.9487812e-01   1.0000000e+00   3.7516158e-01  -3.7226815e-01
   6.0121892e+00   1.0000000e+00   6.4684692e-01   2.5772954e-01
  -2.9380496e+00   1.0000000e+00  -1.1452675e+00   5.9441597e-02
  -3.4562313e+00   1.0000000e+00   3.4376686e-01  -1.1493513e+00
  -4.8472017e+00   1.0000000e+00  -2.0180510e+00   2.8973182e-02
  -6.6324313e-01   1.0000000e+00  -8.3271942e-01   5.1769221e-01
  -8.2382253e+00   1.0000000e+00  -1.2465113e+00  -1.0994871e+00
  -2.1877623e+00   1.0000000e+00  -6.5612549e-01  -2.2664028e-01
   3.8228807e+00   1.0000000e+00   2.0490404e+00   1.9662696e-03
  -4.4570183e+00   1.0000000e+00  -4.4256553e-01  -8.3624821e-01
  -6.4853568e-01   1.0000000e+00  -7.8097538e-01   3.1132116e-01
  -2.7083761e+00   1.0000000e+00  -1.0119115e+00   1.4521889e+00
  -4.2005675e+00   1.0000000e+00  -1.4257926e-01  -9.3383923e-01
   7.9162369e+00   1.0000000e+00   2.3449525e+00  -2.3989799e-02
  -6.2811422e+00   1.0000000e+00  -3.0343737e-01  -1.2759603e+00
   1.7136490e+00   1.0000000e+00   1.7311791e-01  -1.3275804e-01
  -5.1036169e+00   1.0000000e+00  -8.1300223e-01  -7.3383852e-01
   3.5778836e+01   1.0000000e+00   1.1970508e+00   1.1905745e+00
  -6.5806165e+00   1.0000000e+00  -1.0526933e+00  -8.8484830e-01
   3.8640044e+00   1.0000000e+00   1.4230137e+00  -2.4156385e-01
   5.7880061e+01   1.0000000e+00   1.1716377e+00   1.2603106e+00
   1.3202398e+00   1.0000000e+00   2.8986361e-01   1.4849211e-01
  -1.2493009e+00   1.0000000e+00  -9.4675728e-01   7.5895209e-04
   1.9802854e+00   1.0000000e+00  -1.6426241e-01  -8.2033180e-03
   1.5930594e+01   1.0000000e+00   5.6907087e-01   6.0218759e-01
   5.8332165e+00   1.0000000e+00   5.3140470e-01   1.5560282e-01
   4.1180159e-03   1.0000000e+00   6.8292689e-01   6.9790825e-01
  -1.0873466e+02   1.0000000e+00   1.4956398e+00   1.9683287e+00
   6.0254070e+00   1.0000000e+00  -2.2282175e+00   2.1036299e+00
  -1.4285321e+01   1.0000000e+00  -8.3786178e-01  -2.5533607e+00
  -6.8164543e+00   1.0000000e+00  -5.6489546e-01  -1.2169210e+00
  -6.8213420e+01   1.0000000e+00   7.0213589e-01   1.5365426e+00
   6.3765649e+00   1.0000000e+00   5.0685869e-01   2.2860986e-01
  -1.9357668e+00   1.0000000e+00  -1.9583222e+00   7.7237332e-01
  -5.8929900e-01   1.0000000e+00   1.0098892e+00  -7.3457232e-01
   4.7189591e+00   1.0000000e+00   6.8026183e-01   3.2549451e-01
  -8.8314984e+00   1.0000000e+00  -3.1358287e-01   1.5407830e+00
   4.0618274e+00   1.0000000e+00   2.9690351e-01   2.3693053e-01
  -7.2567039e+00   1.0000000e+00  -2.0671645e+00  -4.1403873e-01
   1.5751959e+01   1.0000000e+00   1.7824995e-01   1.2709820e+00
  -9.0596032e+00   1.0000000e+00  -1.6007960e+00  -1.0520016e+00
   1.3934660e+02   1.0000000e+00  -1.4469245e+00   3.2871444e+00
  -9.2059320e+00   1.0000000e+00  -1.4084353e+00  -1.2015299e+00
  -4.3474667e+00   1.0000000e+00   6.4587759e-01   1.3227739e+00
  -8.7596778e-01   1.0000000e+00   1.4256333e+00  -9.8251423e-01
   3.9900646e+00   1.0000000e+00   2.4812250e-01   1.9213706e-01
   5.7954504e+00   1.0000000e+00  -7.4190802e-01   8.7191710e-01
   7.4201174e+01   1.0000000e+00   2.1586030e+00   9.8755302e-01
  -6.9452848e-01   1.0000000e+00   1.6872669e-01  -4.6390272e-01
  -1.2691696e+00   1.0000000e+00  -1.9000338e+00   1.0800840e+00
   1.6212514e+00   1.0000000e+00   8.6252284e-02   2.0059216e-02
   3.1698377e+00   1.0000000e+00   1.4209659e+00  -3.6046897e-01
  -8.1883340e-01   1.0000000e+00  -4.4936403e-01  -1.0776922e-01
   1.6791258e+03   1.0000000e+00   1.3487417e+00   2.8471152e+00
  -5.5696113e+00   1.0000000e+00  -8.1777891e-01   1.8137504e+00
  -3.7629116e+00   1.0000000e+00  -4.7798174e-01  -6.1497910e-01
   4.2059144e+01   1.0000000e+00   4.6284559e-01   1.4874348e+00
  -8.7774480e+00   1.0000000e+00  -7.7202280e-01  -1.4948933e+00
   1.4254207e+01   1.0000000e+00   8.4495235e-01   5.1344945e-01
   5.6269245e+00   1.0000000e+00   7.0371727e-01  -1.2397233e-02
  -7.3672542e-01   1.0000000e+00  -9.4515863e-01   1.2354113e-01
  -4.0075332e+00   1.0000000e+00  -6.8021192e-01  -5.7429834e-01
  -5.7361049e+00   1.0000000e+00  -1.5662334e+00  -4.2602939e-01
   2.6404439e+00   1.0000000e+00  -1.7246822e-01   4.7809423e-01
  -3.1882781e+00   1.0000000e+00  -1.8884685e-01  -7.0072210e-01
   2.1866901e+00   1.0000000e+00  -1.6207887e+00   1.0445014e+00
   1.0775784e+01   1.0000000e+00   2.0054006e+00  -3.0027352e-01
  -3.3804995e+00   1.0000000e+00  -1.4268028e+00  -3.1328026e-02
  -5.7049214e-01   1.0000000e+00  -1.0150280e-01  -2.6184056e-01
  -3.8134978e+00   1.0000000e+00  -5.2575546e-01  -6.7368422e-01
  -1.6457376e+00   1.0000000e+00   1.7959312e-01   1.0058954e+00
  -6.3624389e-01   1.0000000e+00  -1.7624096e-01  -3.6664288e-02
   3.4811429e+00   1.0000000e+00   6.5478334e-02   4.6609282e-01
  -3.7121692e+00   1.0000000e+00  -6.0149148e-01  -5.6096955e-01
   6.7618901e-01   1.0000000e+00  -6.5907967e-01   3.3963900e-01
   4.8856985e-01   1.0000000e+00   3.3046298e-01   3.5086846e-01
   5.0698768e+00   1.0000000e+00  -7.8994933e-01   8.5275014e-01
   2.5695938e-01   1.0000000e+00  -1.7553898e+00   1.3593089e+00
   3.6356673e-01   1.0000000e+00   8.6592716e-02  -2.1236150e-01
   6.9203179e-01   1.0000000e+00  -8.0035823e-03   1.2057095e-01
   6.4331751e-01   1.0000000e+00   1.7344471e-01  -3.1295021e-01
  -6.1673746e+00   1.0000000e+00  -8.8610357e-01   1.3650355e+00
   8.7483961e-01   1.0000000e+00   5.1021672e-01   2.6444269e-01
  -1.5764377e+01   1.0000000e+00   7.2855063e-01   1.4699060e+00
  -1.2402439e+00   1.0000000e+00   7.2842455e-01  -9.4748540e-01
  -6.0465990e-01   1.0000000e+00  -1.0065127e+00   4.6237428e-01
   2.8369005e+00   1.0000000e+00  -7.7283047e-01   3.9995050e-01
  -1.4609477e+01   1.0000000e+00   1.6246398e+00   5.6987203e-01
  -1.6414111e+00   1.0000000e+00   1.0189567e+00   9.1694860e-01
   2.5690086e+01   1.0000000e+00   9.1178325e-01   1.2258662e+00
  -3.6017637e+00   1.0000000e+00  -1.0092553e+00  -3.6148572e-01
  -1.1315956e+00   1.0000000e+00   5.9629685e-01  -6.7248892e-01
   6.4204528e-01   1.0000000e+00  -8.3137774e-02  -1.1787608e-01
  -2.2762672e+00   1.0000000e+00   1.7406596e+00  -7.4477163e-02
  -2.2038009e+00   1.0000000e+00   8.4998726e-01  -1.1596785e+00
   1.2283405e+01   1.0000000e+00  -3.3287747e-01   1.6519509e+00
  -4.5718528e+00   1.0000000e+00  -2.0109102e+00   1.0183922e-01
  -4.9676477e+00   1.0000000e+00   5.9358427e-01  -1.5502238e+00
   1.2395317e+00   1.0000000e+00   1.2703152e-01  -8.8254321e-02
  -2.7035237e+00   1.0000000e+00  -6.3852685e-01   1.2109817e+00
  -3.6615694e+00   1.0000000e+00  -1.0801007e+00   1.4059005e+00
  -7.3240458e+00   1.0000000e+00  -1.8881141e+00  -5.4608014e-01
   9.7163850e+00   1.0000000e+00   1.9150667e+00   7.0099315e-01
  -1.1137430e+01   1.0000000e+00  -2.1549698e+00  -1.1335143e+00
  -8.4323783e+00   1.0000000e+00   9.6400860e-01  -2.4639762e+00
  -2.9971193e+00   1.0000000e+00  -3.8197017e-01  -5.3375567e-01
   2.7113415e+01   1.0000000e+00   1.4008993e+00   1.2413653e+00
  -5.2198005e+00   1.0000000e+00  -1.3218753e+00  -4.5035608e-01
  -4.8796391e+00   1.0000000e+00  -5.6307457e-01  -8.5041375e-01
  -4.3069984e+00   1.0000000e+00  -9.9287701e-01  -4.8737130e-01
   2.8095634e+00   1.0000000e+00   1.4906085e+00  -3.6157055e-01
   1.6098544e+00   1.0000000e+00   4.9414231e-01  -3.0291592e-01
  -3.1966180e+00   1.0000000e+00   6.2657052e-01  -1.1951390e+00
  -9.0332237e+00   1.0000000e+00  -6.6419310e-01  -1.6123010e+00
   6.5331933e-01   1.0000000e+00  -7.3887261e-01   1.3000090e+00
   1.9592056e+00   1.0000000e+00   1.8812361e+00  -1.1347414e+00
   9.2383379e+00   1.0000000e+00  -3.5524968e-01   1.2681200e+00
   2.0459911e+01   1.0000000e+00   6.6697790e-01   1.3496429e+00
   2.0250096e-01   1.0000000e+00  -1.2989416e-02  -2.5206586e-01
  -1.0457515e+01   1.0000000e+00  -1.8023332e+00  -1.2116401e+00
   2.2812702e+01   1.0000000e+00   3.8691126e-01   1.2690358e+00
   3.0286557e+00   1.0000000e+00   4.7975678e-01   1.0614001e+00
   1.3296575e-01   1.0000000e+00  -1.2689700e+00   4.1794894e-01
   4.4060533e+00   1.0000000e+00   7.8824923e-01  -1.8640773e-01
   2.3974227e+00   1.0000000e+00   6.6670712e-01   3.9959102e-01
  -2.6836545e+00   1.0000000e+00  -1.0511087e+00  -1.5176623e-01
   3.3264446e+00   1.0000000e+00  -3.1232020e+00   2.0013671e+00
  -6.7833176e+00   1.0000000e+00  -1.1603164e+00  -8.4788658e-01
   6.2065734e+00   1.0000000e+00   4.5132354e-02   1.2695812e+00
  -1.1388037e+00   1.0000000e+00   7.7805333e-01  -9.5724955e-01
  -4.2415213e+00   1.0000000e+00  -1.8726783e+00   1.4161647e-01
  -2.5929670e+00   1.0000000e+00  -1.1387987e+00  -2.6792862e-02
  -6.9184116e+00   1.0000000e+00  -2.0079256e+00  -3.8525463e-01
  -2.2460163e-01   1.0000000e+00   9.6307632e-01  -7.6116305e-01
  -2.9684668e+00   1.0000000e+00  -5.9714919e-02  -3.3730839e-01
  -8.0128632e+00   1.0000000e+00   7.9367102e-01  -2.2848921e+00
   2.0256357e+00   1.0000000e+00  -1.3658341e+00   8.3074521e-01
   3.9888633e+00   1.0000000e+00  -4.1353027e-01   8.7388447e-01
   1.6548471e+01   1.0000000e+00   1.1657256e+00   3.8775856e-01
   4.3777660e+00   1.0000000e+00  -1.6494789e+00   9.0781256e-01
  -9.4177781e-01   1.0000000e+00   7.0692129e-01  -9.2279041e-01
   9.4382404e+00   1.0000000e+00   9.8026849e-01  -1.5588113e-03
  -3.5327838e-01   1.0000000e+00   1.7903410e+00  -1.4095009e+00
  -2.5828191e+00   1.0000000e+00   6.1855910e-01  -1.0768409e+00
  -2.6824805e+01   1.0000000e+00   2.3832059e+00   3.7249850e-01
   8.2499563e+00   1.0000000e+00   4.7734720e-01   2.8632250e-01
  -5.9730256e-01   1.0000000e+00   2.3352222e+00  -9.2321945e-01
  -8.6984187e+00   1.0000000e+00  -7.1938050e-01  -1.5063834e+00
   1.1880087e+00   1.0000000e+00   1.6552027e+00  -1.3800883e-01
  -5.8975219e+00   1.0000000e+00  -1.3395496e+00  -5.7274248e-01
  -3.5034266e+00   1.0000000e+00   1.7421077e-01  -1.0510809e+00
  -1.3217429e+00   1.0000000e+00  -1.0992769e+00   5.5086363e-02
   1.9154270e+00   1.0000000e+00  -7.3296378e-02   1.4768992e+00
   2.7314407e+01   1.0000000e+00   2.5686569e+00  -2.3886201e-02
   3.6897945e+01   1.0000000e+00   5.9946211e-01   1.4414116e+00
  -6.2172207e+00   1.0000000e+00  -1.5744244e+00  -5.0701972e-01
   7.0098650e+00   1.0000000e+00   6.2874627e-02   1.2913070e+00
   8.1074835e+00   1.0000000e+00  -6.0499283e-01   1.2343405e+00
   3.0003870e+00   1.0000000e+00   2.1701944e+00  -6.7188548e-01
  -1.1498923e+00   1.0000000e+00   8.7449926e-01  -1.0223289e+00
   1.0578088e+00   1.0000000e+00   3.0462639e+00  -1.0555427e+00
  -2.4496967e+00   1.0000000e+00  -1.1630821e+00  -2.7060912e-02
  -6.0701181e+00   1.0000000e+00  -2.0656267e+00  -1.8363314e-01
  -7.3915565e+00   1.0000000e+00  -9.3166630e-01  -1.1159789e+00
  -4.6119781e-01   1.0000000e+00  -2.1116712e-01  -3.0804948e-01
  -1.9595937e+00   1.0000000e+00  -3.2103699e-01   1.3800325e+00
   7.9856993e-01   1.0000000e+00  -7.1086647e-01   5.5057327e-01
   2.1609969e-01   1.0000000e+00  -2.3176885e+00   1.1595532e+00
  -2.9099422e+00   1.0000000e+00   2.2776656e-01  -9.3035212e-01
  -2.4481921e+00   1.0000000e+00   8.4351158e-01  -1.0943805e+00
  -2.6097127e+00   1.0000000e+00  -2.1269674e+00   7.1529672e-01
  -3.3678431e+00   1.0000000e+00  -3.3844825e-01  -7.0228487e-01
   1.3432656e+00   1.0000000e+00  -1.3100693e+00   1.0483985e+00
  -2.3258903e+00   1.0000000e+00  -1.4296715e-01  -5.9404705e-01
  -6.8014605e+00   1.0000000e+00  -6.0785134e-01   1.2255490e+00
  -7.7861813e-01   1.0000000e+00  -2.8168759e-01  -3.3130055e-01
   8.5488557e+00   1.0000000e+00   8.7679593e-01   3.5601371e-01
  -1.1465036e+00   1.0000000e+00  -1.0606711e+00   5.9765930e-01
   8.2023094e+00   1.0000000e+00   2.5000345e-01   9.4026374e-01
   9.6266826e+00   1.0000000e+00   6.6269746e-01   5.1088352e-01
  -4.7198901e+00   1.0000000e+00   2.7002777e-01   9.9545369e-01
  -3.7611021e+00   1.0000000e+00  -2.9682871e-01  -7.9798406e-01
   1.0926023e+01   1.0000000e+00  -3.5444375e-01   9.5766336e-01
   1.0090832e+00   1.0000000e+00   1.8737456e-01  -2.1766907e-01
   3.5470090e+00   1.0000000e+00  -7.0747973e-01   7.7622777e-01
   2.5271142e+00   1.0000000e+00  -3.4426107e-01   6.4719939e-01
  -5.9465862e+00   1.0000000e+00  -1.5413016e+00  -4.6685705e-01
  -1.5698278e+00   1.0000000e+00   7.8843246e-02  -5.1470090e-01
   1.7675680e+00   1.0000000e+00  -3.4857883e-01   1.7602769e-01
   1.4837712e+01   1.0000000e+00   7.0372456e-01   9.2868219e-01
  -1.0746063e+01   1.0000000e+00  -1.0592668e+00   2.1096695e+00
   5.2553497e+00   1.0000000e+00   6.7037188e-02   4.6715814e-01
   4.2737566e+00   1.0000000e+00   1.8297485e+00  -1.4034430e-01
   1.5430705e-01   1.0000000e+00   1.0978499e+00  -7.1428427e-01
   9.4747083e+00   1.0000000e+00   8.7748341e-01   3.2923105e-01
  -6.7745932e+00   1.0000000e+00  -1.9971539e+00  -3.5059508e-01
  -1.6181742e+00   1.0000000e+00   4.3586067e-01  -7.6164364e-01
   5.6709957e-01   1.0000000e+00  -1.7761902e+00   1.2493896e+00
  -1.2699164e+00   1.0000000e+00  -1.7861641e+00   6.2588939e-01
  -4.4918358e+00   1.0000000e+00  -6.8759970e-01  -6.6666114e-01
  -4.2878576e+00   1.0000000e+00  -1.5319678e+00  -1.1767176e-01
   4.6128235e-01   1.0000000e+00   7.1947613e-01  -5.3387006e-01
  -2.8113808e+00   1.0000000e+00  -9.2463353e-02  -7.1039654e-01
  -6.4303615e-01   1.0000000e+00  -1.6532228e+00   6.1045521e-01
  -5.8186527e+00   1.0000000e+00   4.9555371e-01   1.3004596e+00
   5.1354135e+00   1.0000000e+00  -1.0373683e+00   1.1710027e+00
   3.1591314e+00   1.0000000e+00   8.7715945e-01  -2.8621465e-01
   4.3895401e+00   1.0000000e+00  -7.0047250e-01   1.3624507e+00
   5.0220412e-01   1.0000000e+00  -5.6307696e-01   5.1301200e-02
  -3.5416808e+00   1.0000000e+00   7.8953116e-01  -1.4219822e+00
  -8.9331294e-01   1.0000000e+00   7.1275993e-01   2.9181929e-01
   2.1797850e+00   1.0000000e+00   7.6260125e-01  -2.2714911e-01
   6.6276179e+00   1.0000000e+00   3.5981600e-01   1.5011674e-01
   6.4984213e+01   1.0000000e+00   2.0453368e+00   8.2690502e-01
  -2.5224117e+00   1.0000000e+00   4.1081018e-02  -7.2541407e-01
  -7.1261768e+00   1.0000000e+00  -8.4211320e-01  -1.1160810e+00
  -3.7236988e+00   1.0000000e+00   8.4632482e-01   5.0400550e-01
  -4.4403905e+00   1.0000000e+00  -1.2806198e+00  -3.5195026e-01
  -5.1789687e+00   1.0000000e+00  -1.5483048e+00  -3.1396471e-01
   7.4168294e-01   1.0000000e+00   1.4329149e+00  -7.6075745e-01
  -1.0546320e+01   1.0000000e+00   6.7090200e-02  -2.3496043e+00
   1.6074786e+00   1.0000000e+00   2.6999594e-01  -1.5215821e-02
  -6.9721499e-01   1.0000000e+00   6.4900100e-01  -5.7875507e-01
  -1.3488430e-01   1.0000000e+00   4.2523962e-01  -4.9127019e-01
  -4.6677669e+01   1.0000000e+00   2.4372658e+00   1.1420844e+00
  -2.6743161e+00   1.0000000e+00  -1.3729286e+00   1.7624293e-01
  -7.6800224e+00   1.0000000e+00  -1.2180216e+00  -1.0075331e+00
   8.5840538e+00   1.0000000e+00  -8.2503317e-01   1.4155404e+00
   1.6259578e+00   1.0000000e+00  -5.5238154e-01   6.0266739e-01
   8.6105796e+00   1.0000000e+00  -2.9417507e-02   8.0386607e-01
  -5.2326151e+00   1.0000000e+00  -2.8376215e-01  -1.0797208e+00
  -4.0188448e+00   1.0000000e+00   4.9829069e-01  -1.2942531e+00
  -3.5884841e+00   1.0000000e+00   1.1205125e-01  -9.9409088e-01
   2.6475059e+01   1.0000000e+00   5.4387061e-01   8.4723247e-01
   1.5941496e+00   1.0000000e+00   2.6817564e+00  -1.5130253e+00
  -4.5318661e+00   1.0000000e+00  -7.8107298e-01  -6.4067680e-01
   3.5965268e+00   1.0000000e+00   3.6790204e-01   1.9762420e-02
  -2.7049689e+00   1.0000000e+00  -5.5688806e-01   1.0543896e+00
  -1.4953995e+00   1.0000000e+00   2.1895304e+00  -3.3073370e-01
   8.3319368e+00   1.0000000e+00   5.3242084e-01   2.0750536e-01
  -4.5610063e+00   1.0000000e+00  -2.7340870e-01  -9.2812200e-01
   2.1332136e+00   1.0000000e+00   4.0632425e-01   9.9372250e-02
   4.8076580e+00   1.0000000e+00   1.5195989e+00  -3.7412950e-01
  -3.5313161e-01   1.0000000e+00  -1.4395477e+00   5.1369503e-01
   1.9189830e+00   1.0000000e+00  -1.5719564e-01   6.3038208e-01
  -2.3249638e-01   1.0000000e+00   3.6525088e-01  -5.0329424e-01
   7.9975609e+00   1.0000000e+00   1.1772874e+00   3.2927933e-01
  -2.0333432e+00   1.0000000e+00   3.3863424e-01   2.5595586e-01
   1.7645125e+01   1.0000000e+00  -8.9764135e-01   1.7236638e+00
  -5.9586944e+00   1.0000000e+00  -1.9893809e+00  -2.0140024e-01
   6.5926244e-02   1.0000000e+00   6.2243639e-01  -5.5790092e-01
   2.3985436e+01   1.0000000e+00  -5.5525188e-01   1.5736463e+00
   3.4173108e+00   1.0000000e+00   4.2556083e-02   5.5965497e-01
  -3.2852914e+00   1.0000000e+00   6.3762615e-01  -1.2739049e+00
   8.4356327e+00   1.0000000e+00  -7.6501185e-01   9.4064265e-01
  -7.7943288e+00   1.0000000e+00  -8.8490038e-01  -1.2226540e+00
  -9.5285774e-01   1.0000000e+00   3.4739573e-01   4.2056535e-01
   3.4732678e+00   1.0000000e+00   1.1003282e-01   5.0996071e-03
   7.4057019e+00   1.0000000e+00  -3.4836793e-01   9.5092939e-01
  -7.2889359e+00   1.0000000e+00  -1.2820347e+00  -8.6918355e-01
   1.9694043e+00   1.0000000e+00  -8.1988614e-01   4.5912166e-01
   1.1200015e+01   1.0000000e+00   4.7837720e-01   5.0285449e-01
  -2.1914270e+00   1.0000000e+00  -6.0571891e-01   9.0373962e-01
  -3.6567249e-01   1.0000000e+00   9.1344394e-01  -6.7161137e-01
  -2.4631636e+00   1.0000000e+00  -1.1743375e-01  -5.0034830e-01
  -1.4303529e+00   1.0000000e+00  -8.6385835e-01   3.8549870e-02
  -1.1606775e+01   1.0000000e+00  -1.2468137e+00  -1.7733634e+00
   6.2787513e+01   1.0000000e+00   1.4439157e+00   1.2902804e+00
  -1.8448280e+00   1.0000000e+00  -1.2953020e-01  -2.9860722e-01
  -9.2831703e+00   1.0000000e+00  -2.2808446e+00  -6.8206313e-01
   4.0726001e+00   1.0000000e+00   3.1678552e-01   3.7300661e-01
  -2.6863610e+02   1.0000000e+00   1.4078995e+00   2.1248264e+00
  -8.0006384e+00   1.0000000e+00   1.0285162e-01  -1.8701844e+00
  -1.5325942e+01   1.0000000e+00  -7.2407856e-01  -2.8306478e+00
  -5.0696416e+00   1.0000000e+00   6.9885010e-01  -1.6249831e+00
  -2.5552488e+00   1.0000000e+00  -1.8141229e+00   3.5995457e-01
   3.0147650e+00   1.0000000e+00  -5.1288396e-01   8.4097797e-01
  -7.9451142e+00   1.0000000e+00   9.3732516e-02  -1.8460716e+00
   7.0368997e+01   1.0000000e+00   3.1662249e-01   1.3960539e+00
   1.8804800e+00   1.0000000e+00   7.2254879e-01  -3.2387790e-01
   2.2801740e+01   1.0000000e+00   8.7586632e-01   1.5385756e+00
  -3.3565873e+00   1.0000000e+00  -1.2446883e+00  -1.4202469e-01
  -1.5349038e+01   1.0000000e+00  -1.6253927e+00  -2.2943459e+00
   1.3956676e+01   1.0000000e+00   8.7684905e-01   1.8494449e+00
   8.1003241e+00   1.0000000e+00   4.8210966e-02   8.2049188e-01
   1.8715212e-01   1.0000000e+00   1.1794173e+00  -5.0532840e-02
  -5.6210421e-02   1.0000000e+00  -8.5125963e-01   7.8998720e-01
  -2.6572532e+00   1.0000000e+00  -1.3871412e-01  -6.5645213e-01
   1.3222876e+00   1.0000000e+00  -5.5959479e-01   3.6305318e-01
   4.8599319e+00   1.0000000e+00  -6.0090875e-01   7.4917137e-01
   3.6094665e+00   1.0000000e+00  -8.2980802e-02   9.4528855e-01
  -4.0456911e+00   1.0000000e+00  -3.0713506e-01  -7.9768452e-01
   2.9760589e+01   1.0000000e+00  -3.2393311e-01   1.6018502e+00
  -2.8033628e-01   1.0000000e+00  -8.4645879e-01   6.6255634e-01
  -1.7309681e-01   1.0000000e+00  -8.5828611e-01   2.5816541e-01
   2.5534747e+00   1.0000000e+00  -1.8541770e-01   5.5539226e-01
  -6.8374791e+00   1.0000000e+00  -2.9142266e-01  -1.3957505e+00
  -2.1779333e+00   1.0000000e+00  -4.5423140e-02  -6.8894847e-01
  -2.6749771e-01   1.0000000e+00   9.8731676e-01  -8.7427130e-01
   1.2768140e+00   1.0000000e+00   5.9363896e-01  -3.5398102e-01
  -3.3255922e+00   1.0000000e+00  -9.0623928e-02  -8.3050752e-01
  -1.2303505e+00   1.0000000e+00  -6.8015940e-01  -1.3016137e-01
  -1.0840845e+00   1.0000000e+00   3.9370340e-01  -5.5559201e-01
   1.4950655e+00   1.0000000e+00  -3.8412678e-01   6.1727993e-01
  -8.2618345e-01   1.0000000e+00   2.8219822e-01   6.3034993e-01
   1.1061552e+00   1.0000000e+00  -3.2313395e-01   4.5720722e-01
   1.4065237e+00   1.0000000e+00  -9.1889399e-02  -2.6017201e-03
   3.1650674e+00   1.0000000e+00  -2.1932440e-01   1.3665491e+00
   8.6419443e-01   1.0000000e+00  -6.5890860e-02  -1.4133694e-02
   3.7600673e+01   1.0000000e+00   5.3702039e-01   1.4884788e+00
  -2.2464615e+00   1.0000000e+00  -4.2426070e-01  -3.8440529e-01
  -2.7949658e-02   1.0000000e+00  -1.5456907e+00   6.0356920e-01
   4.3635922e+00   1.0000000e+00   1.3927130e+00  -4.9066064e-01
  -7.8266844e-01   1.0000000e+00   4.7312920e-01  -7.0234638e-01
  -1.0267713e+01   1.0000000e+00  -1.6851906e+00  -1.2390446e+00
   4.0033044e+00   1.0000000e+00  -2.4307061e-01   3.7963515e-01
  -5.8529890e+00   1.0000000e+00  -7.5957828e-01  -9.3168052e-01
   8.0694290e-02   1.0000000e+00   7.8208657e-01  -6.3606427e-01
  -9.1635103e-01   1.0000000e+00  -3.5569616e-01  -2.2925313e-01
  -1.4038238e+00   1.0000000e+00   1.4123101e+00  -1.2283588e+00
   1.2914381e+01   1.0000000e+00  -7.3518637e-01   1.5445002e+00
   5.3786421e+00   1.0000000e+00  -3.3141633e-01   1.4237688e+00
  -7.4694474e+00   1.0000000e+00  -6.9560863e-01  -1.2658718e+00
   2.4003302e+00   1.0000000e+00   7.2943611e-01  -3.1292312e-01
   5.4983411e+00   1.0000000e+00   4.4175153e-01   4.0407666e-01
  -8.8222957e-01   1.0000000e+00  -6.5539990e-01  -8.2869445e-02
   8.3933240e-01   1.0000000e+00  -4.1678748e-01   2.3227181e-01
   3.9248635e+00   1.0000000e+00   1.3281123e-01   5.8185205e-01
   1.3139626e+01   1.0000000e+00   1.1562844e+00   6.6756311e-01
  -4.0428967e+00   1.0000000e+00  -7.6603265e-01  -5.5919699e-01
  -1.5861222e+00   1.0000000e+00  -2.1620552e-01  -1.5162033e-01
   2.5341604e+01   1.0000000e+00   8.0699846e-01   1.2184482e+00
  -6.1133092e+00   1.0000000e+00  -3.3218646e-01  -1.2277389e+00
  -9.1099156e+01   1.0000000e+00   9.7328950e-01   2.0087399e+00
   5.7748588e+00   1.0000000e+00   1.0354955e-01   1.1300676e+00
  -4.6778672e-01   1.0000000e+00  -1.3896088e+00   4.9373378e-01
  -1.9789211e+00   1.0000000e+00  -9.4528931e-01   1.3108501e+00
  -1.5636789e+00   1.0000000e+00  -8.4016192e-01   3.5470948e-02
  -4.2790341e+00   1.0000000e+00   6.4038282e-01  -1.4375914e+00
   2.3908559e+01   1.0000000e+00   3.6248130e+00  -4.0107826e-01
  -6.5694824e+00   1.0000000e+00  -4.3237227e-01  -1.2644509e+00
   9.7556848e+01   1.0000000e+00   7.4585735e-01   1.4840481e+00
   6.0391238e+00   1.0000000e+00   2.5252900e-01   1.1604082e+00
  -2.6791056e+00   1.0000000e+00  -1.0826979e+00  -4.5183856e-02
   1.8285474e+00   1.0000000e+00   8.1901959e-01   6.1372330e-01
  -4.1796167e+00   1.0000000e+00  -1.2721561e+00  -2.7789967e-01
   1.6377746e+00   1.0000000e+00   3.7715108e-01   6.9596045e-01
  -2.0833499e-01   1.0000000e+00  -4.8831300e-03  -1.8775638e-01
  -1.8330221e+00   1.0000000e+00  -7.4841046e-01  -1.5500308e-02
   9.3349137e+00   1.0000000e+00   2.9866727e-01   3.9128548e-01
  -3.0899984e+00   1.0000000e+00  -1.3707492e+00  -1.1178758e-02
  -7.6517070e+00   1.0000000e+00  -1.4385506e+00  -8.6615844e-01
   1.0772469e+00   1.0000000e+00   9.7070126e-01  -5.9132956e-01
  -5.6060901e+00   1.0000000e+00  -6.2073848e-01  -9.2092166e-01
  -3.4131301e+00   1.0000000e+00   8.2514882e-01  -1.3673707e+00
  -4.4860431e+00   1.0000000e+00  -3.1771463e-01  -9.0786011e-01
  -3.3083110e+00   1.0000000e+00   4.7417719e-01  -1.1017591e+00
  -4.3785495e+00   1.0000000e+00  -2.4242198e-01  -9.3920642e-01
   9.9927294e-01   1.0000000e+00  -1.7545097e+00   9.4011648e-01
   3.9089561e+00   1.0000000e+00   3.5158063e-01   9.4983909e-01
  -5.7739885e+00   1.0000000e+00   8.4498108e-01   6.3713467e-01
  -8.0945239e+00   1.0000000e+00  -2.1716139e+00  -5.0922360e-01
  -7.8321344e+00   1.0000000e+00  -1.5414649e+00  -8.4370774e-01
  -5.2418899e+00   1.0000000e+00   4.3190734e-01  -1.5314825e+00
   3.6848390e+02   1.0000000e+00   2.6925996e+00   1.2310802e+00
   1.1354862e+00   1.0000000e+00   8.0307033e-03  -1.3581052e-01
  -6.2451912e+00   1.0000000e+00   6.3277297e-02   1.0600046e+00
  -3.0626313e+01   1.0000000e+00   7.2767506e-01   1.6501878e+00
  -1.6774385e+00   1.0000000e+00  -2.9765010e-01  -4.2333808e-01
   1.0968784e+00   1.0000000e+00   1.5052225e+00  -9.1665620e-01
   8.5495002e+00   1.0000000e+00  -2.3191949e-01   7.3990739e-01
   1.3555976e+00   1.0000000e+00   1.8724256e+00  -1.1458293e+00
   3.5965371e+00   1.0000000e+00  -1.0712115e+00   9.1173277e-01
  -2.1144487e+00   1.0000000e+00  -5.4827068e-01  -3.2608664e-01
  -2.1169673e+00   1.0000000e+00   7.1357133e-01  -9.8445332e-01
  -2.5644463e+01   1.0000000e+00   4.7621729e-01   1.2267883e+00
  -3.3957382e+00   1.0000000e+00  -4.6587249e-01  -5.9596386e-01
  -9.7658126e-01   1.0000000e+00  -3.7389115e-01   9.3045645e-01
  -1.0682143e+01   1.0000000e+00  -4.2672016e-01  -2.0759183e+00
  -5.1759327e+00   1.0000000e+00  -5.0220518e-01  -9.3811819e-01
   3.0978006e-01   1.0000000e+00  -2.4608132e-01  -1.0442714e-01
  -4.0281245e+00   1.0000000e+00   1.2336579e+00   2.0738701e-01
   2.0115268e+00   1.0000000e+00  -1.6660621e+00   1.1342371e+00
   1.7695295e+00   1.0000000e+00  -1.0937288e+00   9.7631433e-01
  -2.5076849e-01   1.0000000e+00   4.2060452e-01  -5.9972992e-01
  -6.3584425e+00   1.0000000e+00  -1.7101671e+00  -4.6199477e-01
  -5.4880113e-01   1.0000000e+00   3.5393567e-01  -5.0274155e-01
   2.4742983e+01   1.0000000e+00  -2.4990619e-01   1.6760808e+00
   6.1796323e+00   1.0000000e+00   1.2021415e+00   2.1625859e-01
  -4.3915203e+00   1.0000000e+00   1.2493102e+00  -1.8186694e+00
   2.6389734e+00   1.0000000e+00  -9.4286859e-01   7.1547913e-01
   3.5093913e+01   1.0000000e+00   4.6022907e-01   1.3466438e+00
   3.7968910e+01   1.0000000e+00  -2.0380919e-02   1.3401290e+00
  -8.4633777e+00   1.0000000e+00  -8.0385387e-01  -1.4150561e+00
  -2.1905369e+00   1.0000000e+00   3.4272349e-01  -9.0847160e-01
   7.1431226e+01   1.0000000e+00   3.1464712e-01   2.2848074e+00
  -4.3148332e+00   1.0000000e+00  -1.2723628e+00  -3.1822710e-01
   4.2358378e+01   1.0000000e+00   1.0632915e+00   2.1980416e+00
  -1.3571620e-01   1.0000000e+00   1.0822163e+00  -8.7346702e-01
  -5.2497767e+00   1.0000000e+00  -1.3407028e+00  -4.1828555e-01
   1.0694542e+01   1.0000000e+00   7.3304036e-01   7.3621441e-01
  -5.6633599e+00   1.0000000e+00   1.7526306e+00   5.4378055e-01
  -2.2075012e+00   1.0000000e+00  -7.0679768e-01  -2.6189687e-01
  -8.7499867e+00   1.0000000e+00  -7.2233075e-01  -1.5111485e+00
   2.3709268e-01   1.0000000e+00  -1.8375690e+00   9.8090738e-01
  -4.7106483e+00   1.0000000e+00  -7.3133207e-02  -1.0840269e+00
  -7.3043062e+00   1.0000000e+00   7.2881327e-01   1.2995567e+00
   1.1565979e+00   1.0000000e+00  -9.0489096e-01   4.8655097e-01
   2.2270839e+00   1.0000000e+00   6.2442471e-01  -9.2310847e-02
  -5.4285578e+00   1.0000000e+00  -8.3319027e-01  -7.5905111e-01
   5.4234006e+00   1.0000000e+00   1.2149342e-01   5.7952862e-01
  -5.4661521e-01   1.0000000e+00   1.0656968e+00  -3.7916908e-01
   8.5561338e-01   1.0000000e+00  -9.5108822e-01   5.9434145e-01
  -4.8564703e+00   1.0000000e+00  -2.4118554e-01  -1.0150019e+00
   2.5795865e+00   1.0000000e+00   9.8202595e-01   2.4262566e-01
  -9.2946495e+00   1.0000000e+00  -3.7986573e-01  -1.8350419e+00
   2.2474528e+01   1.0000000e+00   3.5821072e-01   1.3248177e+00
  -1.0228194e+01   1.0000000e+00  -2.0730634e-01  -2.1219822e+00
  -1.1982494e+00   1.0000000e+00  -1.8024074e-01  -1.9084680e-01
   2.4243482e+00   1.0000000e+00  -3.4729835e-01   4.1085305e-01
  -9.7918959e+00   1.0000000e+00  -2.0433190e-01  -2.0371618e+00
  -6.5044435e+00   1.0000000e+00   9.4189444e-02   9.9157113e-01
  -2.9863288e+00   1.0000000e+00  -6.1251138e-02  -7.1593139e-01
   2.5705010e+01   1.0000000e+00   2.0962839e+00   9.6341926e-01
  -1.1371274e+01   1.0000000e+00  -7.8027514e-01  -2.0056231e+00
  -7.8752490e-01   1.0000000e+00  -8.7809279e-02  -2.3320147e-01
  -4.0501836e+00   1.0000000e+00   8.2356125e-01  -1.4999839e+00
  -5.6843448e+00   1.0000000e+00  -7.3454230e-01  -9.1001882e-01
   3.0930356e+00   1.0000000e+00   6.7678826e-01   5.3342771e-01
  -2.6812225e+00   1.0000000e+00  -1.9898105e+00   3.9022761e-01
  -9.9312488e-01   1.0000000e+00  -8.6404372e-01   1.2115970e-01
   3.7828972e+00   1.0000000e+00   6.0359660e-02   1.1700557e+00
   7.5303316e+00   1.0000000e+00  -1.3915616e-01   5.6883249e-01
  -4.6988314e+00   1.0000000e+00   1.8501586e-01  -1.2648013e+00
  -4.2826012e+00   1.0000000e+00  -2.3867934e+00   4.3477204e-01
   6.7635352e+00   1.0000000e+00  -3.8198285e-01   7.8366340e-01
  -2.2079528e+00   1.0000000e+00  -9.9585098e-01   6.0063488e-01
   1.9907793e+00   1.0000000e+00   6.7739077e-01  -8.3504870e-02
   2.0579974e+00   1.0000000e+00   1.6437131e+00  -1.0033761e+00
  -5.2587980e+00   1.0000000e+00   1.4151248e-01  -1.2858855e+00
   4.1137436e+00   1.0000000e+00  -8.2351963e-01   1.6483015e+00
   2.2853910e+00   1.0000000e+00   9.3722030e-01  -3.2167352e-01
  -3.1980201e+00   1.0000000e+00  -6.4358149e-01  -4.8034936e-01
  -4.2468532e-01   1.0000000e+00   2.8071601e-01  -5.0333796e-01
  -4.8662945e+00   1.0000000e+00   1.4214175e+00  -2.0239568e+00
  -1.6303977e+01   1.0000000e+00  -1.5080603e+00  -2.5560893e+00
  -2.1477678e+00   1.0000000e+00   1.9289188e-01  -8.1811877e-01
  -3.4945926e-02   1.0000000e+00   2.9261115e-01  -2.3885348e-01
  -9.9126660e-01   1.0000000e+00  -1.3391662e+00   4.7433735e-01
  -1.4972163e+00   1.0000000e+00   2.3687801e-02  -5.1482192e-01
   1.9543470e+01   1.0000000e+00   4.1121741e-01   1.3645546e+00
  -1.8138990e-02   1.0000000e+00  -6.0480436e-02   7.0284895e-01
  -3.2828990e+00   1.0000000e+00  -8.4365623e-01  -3.3651846e-01
   5.2745377e+00   1.0000000e+00   2.3146506e+00  -4.8936510e-01
  -1.5948970e+00   1.0000000e+00  -3.3979045e-01   1.7054749e+00
   3.1361501e+00   1.0000000e+00   1.2071850e+00  -5.2355229e-01
  -1.2077153e+00   1.0000000e+00   3.1273805e-01  -6.9006625e-01
  -1.2565727e+00   1.0000000e+00   7.5472789e-02  -6.1290017e-01
  -1.6877804e-01   1.0000000e+00  -6.5776444e-01   2.0410644e-01
   2.5558351e+00   1.0000000e+00  -9.7441814e-01   6.5975619e-01
   8.7303758e-01   1.0000000e+00   1.0140367e+00  -6.2989684e-01
   9.1946599e+00   1.0000000e+00   1.7443864e+00   2.5069250e-02
  -5.7261834e+00   1.0000000e+00   8.1741954e-01   7.9527081e-01
   3.5893996e+00   1.0000000e+00   8.0977034e-01  -2.9025708e-02
  -4.4818667e+00   1.0000000e+00   7.1299284e-01  -1.5135407e+00
   1.1815525e-01   1.0000000e+00  -8.0069923e-01   2.9834457e-01
   4.8118797e+00   1.0000000e+00   1.5968923e+00  -3.8497829e-01
  -6.1064845e+00   1.0000000e+00   4.0685096e-01   9.6681472e-01
  -1.0404464e+01   1.0000000e+00  -3.5652142e+00  -1.4126853e-01
  -6.1168553e+00   1.0000000e+00  -1.6929479e+00  -4.0866009e-01
  -1.5859834e+00   1.0000000e+00  -4.8645267e-01  -3.0029685e-01
   1.9845656e+01   1.0000000e+00   6.8339057e-01   6.7070697e-01
  -3.5366432e+00   1.0000000e+00  -2.6738430e-02  -9.3160236e-01
  -1.3366353e+00   1.0000000e+00   3.5717993e-01  -4.6608981e-01
  -3.0533444e-01   1.0000000e+00   4.0873409e-01  -3.1423347e-01
  -2.9540258e+00   1.0000000e+00  -7.3210164e-01  -3.8977246e-01
   3.5162037e+01   1.0000000e+00   3.6171853e-01   1.5514733e+00
  -8.1171983e+00   1.0000000e+00   7.4647828e-01  -2.2733798e+00
  -3.0115557e+00   1.0000000e+00   2.4841342e-01  -9.4026574e-01
   7.8032074e+00   1.0000000e+00   6.4831745e-01   6.9697763e-01
  -1.5264500e+00   1.0000000e+00   7.8266074e-01  -9.4224489e-01
  -1.0213376e+01   1.0000000e+00  -1.1175627e+00  -1.5759942e+00
  -5.3598794e+00   1.0000000e+00  -6.1806988e-01  -9.2182999e-01
  -6.7245979e+00   1.0000000e+00  -5.3073440e-01  -1.2402309e+00
  -6.4289703e+00   1.0000000e+00  -1.7151718e+00  -4.4252709e-01
  -2.6003217e+01   1.0000000e+00   3.9627489e-01   1.2590868e+00
  -9.0928658e-01   1.0000000e+00   1.0675101e+00  -1.0032760e+00
  -5.3489379e+00   1.0000000e+00  -4.5973874e-01  -9.7988653e-01
  -3.5895558e+00   1.0000000e+00  -1.7196574e+00   1.0371992e-01
  -6.9672705e+00   1.0000000e+00   1.6330197e-01  -1.6900404e+00
   3.7357039e+00   1.0000000e+00   1.7342936e+00  -3.8991352e-01
  -5.2669569e+00   1.0000000e+00  -1.3604284e+00  -4.0155465e-01
  -5.9688369e+00   1.0000000e+00  -1.0522046e-01   1.2746275e+00
  -1.8316378e+00   1.0000000e+00   7.1505659e-01  -1.0592885e+00
  -6.2574592e+00   1.0000000e+00  -1.6293857e+00  -4.6360137e-01
  -5.8372574e+00   1.0000000e+00  -1.0442603e+00  -7.4421745e-01
  -5.9019634e+00   1.0000000e+00  -2.9107128e-01  -1.2133174e+00
  -1.1314174e+01   1.0000000e+00  -1.1401191e+00  -1.7780801e+00
  -5.4729628e+00   1.0000000e+00   4.7072022e-01  -1.5764705e+00
   6.0680982e+00   1.0000000e+00   6.4886453e-01   2.4152650e-01
  -3.1505225e-02   1.0000000e+00   8.1104260e-01  -7.0060796e-01
   1.0298111e+01   1.0000000e+00  -1.5347322e-01   1.2002590e+00
  -3.1357696e+00   1.0000000e+00  -1.5364163e+00   1.1356585e-01
  -8.1023607e+00   1.0000000e+00   8.5798642e-01   8.8379946e-01
   1.3910383e+00   1.0000000e+00   1.0122989e+00  -4.6875182e-01
  -8.3674126e+00   1.0000000e+00  -2.3174603e-01  -1.7312985e+00
  -1.9275925e+00   1.0000000e+00  -1.0723434e+00   7.8244880e-02
  -5.0439638e+00   1.0000000e+00   6.0211025e-01  -1.5717894e+00
  -3.5433539e+01   1.0000000e+00  -2.9104708e-01   1.7086086e+00
  -1.2805360e+01   1.0000000e+00   1.7152811e+00   5.6588575e-01
  -1.5000768e+00   1.0000000e+00  -1.0405447e+00   2.2577145e-02
