  4.0210385e+000  1.0000000e+000  9.7944888e-001 -3.9515986e-001  6.4839818e-001
  2.2721377e+000  1.0000000e+000 -2.6561127e-001  1.9225937e+000  3.1216696e-001
  2.8194920e+000  1.0000000e+000 -5.4837272e-001  3.7308507e-001 -4.1838400e-001
  5.0876889e+000  1.0000000e+000 -9.6267955e-002 -1.8437418e+000 -6.7676648e-001
 -7.4248588e-001  1.0000000e+000 -1.3806709e+000  9.7000876e-001  1.0098985e+000
  1.4060374e+000  1.0000000e+000 -7.2837104e-001 -3.6684158e-001  4.6581243e-001
  6.6982538e+000  1.0000000e+000  1.8860020e+000 -7.4484083e-001  3.4022629e-001
  2.4235693e+000  1.0000000e+000 -2.9413859e+000  1.9722137e-001 -1.6145312e+000
  3.6154040e+000  1.0000000e+000  9.8002109e-001  1.0081379e+000  1.9350557e-001
  7.8294990e-001  1.0000000e+000 -1.1917500e+000 -1.0463649e+000 -9.2241125e-001
  1.5199138e+000  1.0000000e+000 -4.3798186e-001 -5.4120599e-001  4.9923097e-001
  6.3759624e+000  1.0000000e+000  1.3664593e+000 -1.1227146e+000  8.3202980e-001
  1.6033057e+000  1.0000000e+000 -8.7265225e-001 -5.4214655e-001  5.1505528e-001
  1.3751243e+000  1.0000000e+000  8.9327034e-002  2.4259045e+000  8.7701759e-001
  4.5858862e+000  1.0000000e+000  2.4765537e-001 -5.1576435e-001 -1.4194029e+000
  3.7575199e+000  1.0000000e+000  4.0699274e-001 -3.1611088e-001 -1.0492053e+000
  3.5843209e+000  1.0000000e+000  6.4806636e-001 -8.1946494e-001  9.4928604e-001
  2.2345578e+000  1.0000000e+000 -1.6447986e-001  3.1190618e-001  1.2361469e+000
  4.3062032e+000  1.0000000e+000  8.1151461e-001  8.5867360e-001 -3.4454461e-001
  4.1635486e+000  1.0000000e+000  4.0834939e-001  5.0147997e-001  1.5816313e-001
  1.7606842e+000  1.0000000e+000 -1.2900886e+000 -1.0861072e+000  4.2450746e-001
  5.1673995e+000  1.0000000e+000  9.6371032e-001  7.7631090e-001 -7.3718313e-001
  1.8546697e+000  1.0000000e+000  6.5255329e-001  7.6221742e-001  2.9155980e+000
  1.0797206e+000  1.0000000e+000 -4.1083991e-001 -1.4898811e+000  8.6517637e-001
  1.4091051e+000  1.0000000e+000 -1.7696158e+000 -1.2464835e+000 -8.8595922e-002
  2.4567690e+000  1.0000000e+000  4.3947702e-001  7.9794831e-001  5.8624954e-001
  3.9353397e+000  1.0000000e+000  4.9518148e-001  5.0173246e-001  5.0783811e-001
  3.2301621e+000  1.0000000e+000  6.8461659e-001 -5.4688610e-001  5.0590146e-001
  5.8277211e-001  1.0000000e+000 -3.9584938e-001  1.4728763e+000  6.9040181e-001
  1.6672647e+000  1.0000000e+000  4.9017308e-002  6.3818568e-001  1.0729284e+000
  2.2784403e+000  1.0000000e+000 -3.7216774e-001  1.9963551e-001 -1.5367367e+000
  4.4693626e+000  1.0000000e+000  2.5696277e-001 -1.2515741e+000 -8.4623037e-001
  5.1559742e+000  1.0000000e+000  8.1072607e-001 -8.6463059e-001 -9.3453594e-001
  1.4243330e+000  1.0000000e+000 -3.4013830e-001  3.3452005e-001 -4.0254767e-001
  8.9293341e-001  1.0000000e+000 -1.3186387e+000 -2.7554059e-003  1.2339064e-001
  5.5050375e-001  1.0000000e+000 -2.1091725e+000  4.3904109e-001 -1.8288570e-001
  7.1417217e+000  1.0000000e+000  3.0655672e-001 -1.4528515e-001 -9.0219854e-001
  2.3543322e+000  1.0000000e+000 -7.8881525e-001 -5.2626086e-001  3.2987224e-001
  7.1369433e-001  1.0000000e+000 -5.0370635e-001 -2.0273334e+000  8.9558161e-001
  7.4769532e+000  1.0000000e+000  1.5532192e+000 -1.1861413e+000 -3.2732615e-001
  1.3542296e+000  1.0000000e+000  3.2079976e-001  4.5862673e-001  8.9487844e-001
  2.3904577e+000  1.0000000e+000 -1.9267595e-001  8.3353536e-001  8.3285044e-001
  7.1252951e+000  1.0000000e+000  1.5578507e+000  1.2314353e+000 -1.3066415e+000
  1.6940150e+000  1.0000000e+000  5.6632127e-002 -6.8652384e-001  5.9201640e-001
  3.7409565e+000  1.0000000e+000 -1.2243645e+000  9.4221058e-001 -2.0763801e+000
  2.5107091e+000  1.0000000e+000  6.5155144e-002 -6.1691696e-001  1.6624203e+000
 -2.3884690e-001  1.0000000e+000 -1.0947729e+000 -1.2029113e+000  2.5126113e+000
  8.9142451e-001  1.0000000e+000 -1.0694118e+000  1.6613962e+000 -6.3704395e-001
  3.8629786e+000  1.0000000e+000  2.1657304e-001  1.4243604e+000 -1.2499019e+000
  2.0687072e+000  1.0000000e+000 -7.7263426e-001 -1.8930513e-001 -8.4390174e-002
  1.7286916e+000  1.0000000e+000 -8.3085695e-001  6.7904867e-001 -7.3333207e-001
  3.3744557e+000  1.0000000e+000  9.6197556e-001 -5.9745620e-001  1.0576202e+000
  2.3807299e+000  1.0000000e+000 -9.4596841e-001  5.8137635e-001 -1.2393235e+000
  7.3416161e+000  1.0000000e+000  9.1966099e-001 -3.7709804e-002 -1.9373623e+000
  1.3567656e+000  1.0000000e+000 -1.1389537e+000  5.7407459e-001  6.5772856e-001
  3.5413359e+000  1.0000000e+000  5.9343988e-001  9.7809292e-001  2.5543184e-001
  9.7339440e-001  1.0000000e+000 -6.3374827e-001  1.9385686e-001  1.0415107e+000
  7.2373436e-001  1.0000000e+000 -9.2601762e-001  6.8493327e-001  7.6411446e-001
  4.7821253e+000  1.0000000e+000  1.2280029e+000  3.3159414e-001 -4.3985447e-001
  3.6283800e+000  1.0000000e+000  4.5500962e-001  9.3032470e-001  6.1599605e-001
  1.5984236e+000  1.0000000e+000 -6.3079988e-001 -1.5428186e+000  1.0524895e+000
  2.1711708e+000  1.0000000e+000 -1.3989377e+000 -5.0436229e-001 -5.9517958e-001
  1.2803704e+000  1.0000000e+000 -3.8175159e-001  1.3396263e+000 -9.9889871e-002
  8.3217253e+000  1.0000000e+000  1.7463601e+000  7.5699598e-001 -1.2967634e+000
  4.1887931e+000  1.0000000e+000 -1.2415660e-001 -7.9419275e-001  3.1571848e-001
  1.6521257e+000  1.0000000e+000  1.6236785e-001  9.2183192e-001  7.3652101e-001
  6.6672949e+000  1.0000000e+000  7.4882910e-001 -1.8711756e+000  6.3552779e-002
  3.8821708e+000  1.0000000e+000 -5.0677600e-002 -2.7939179e-001  1.2472616e+000
  2.7144703e+000  1.0000000e+000  2.2979870e-001  2.0929756e+000 -1.2913705e+000
  2.8884147e+000  1.0000000e+000  4.7424841e-001  1.2145757e+000 -8.6674380e-001
  1.5330835e+000  1.0000000e+000 -3.8149284e-001  4.4234040e-001  1.7674580e+000
  2.1991168e+000  1.0000000e+000 -2.2377646e+000 -1.2363726e+000 -7.9647331e-001
  3.1854418e+000  1.0000000e+000 -1.2027434e-001 -1.2854422e-001 -1.7501889e+000
  2.0299284e+000  1.0000000e+000 -1.7820696e+000  1.6069372e+000 -1.5809691e+000
  7.5743642e+000  1.0000000e+000  2.4643451e-001 -3.1658547e-001 -1.9591405e+000
  2.9736928e+000  1.0000000e+000 -1.0563022e+000  2.5907244e-001 -3.5524563e-001
  6.4441207e+000  1.0000000e+000  1.1357951e+000  7.6409793e-001 -2.2956863e+000
 -8.3953614e-001  1.0000000e+000 -7.3378422e-001  1.0180395e-001  1.6504686e+000
  1.1723164e+000  1.0000000e+000  1.1314149e-001 -1.2046181e+000  6.2607245e-001
  2.1999141e-001  1.0000000e+000  3.8302958e-001  2.6700143e+000  7.4992932e-001
  3.0332105e+000  1.0000000e+000  4.7102185e-001  1.4571087e+000 -1.2895069e+000
  6.1964796e+000  1.0000000e+000  2.4354836e+000 -5.2033588e-001  1.8013047e+000
  4.0283718e+000  1.0000000e+000  1.1756407e+000 -4.7852184e-001  1.8965402e+000
  5.0807880e+000  1.0000000e+000  6.6169220e-001 -1.4980943e+000 -4.8807043e-002
  7.9543840e+000  1.0000000e+000  1.5432782e+000 -5.9736259e-001 -8.7375391e-001
  1.5562742e+000  1.0000000e+000 -7.1190619e-001 -6.7498021e-001  3.4262734e-001
  1.7145106e+000  1.0000000e+000 -5.2737872e-001  5.3163168e-001  1.9704029e-001
  3.6982548e+000  1.0000000e+000 -2.4199724e-001  9.3204546e-001 -3.0238334e-001
  3.1334744e+000  1.0000000e+000 -3.1320033e-001  9.8632760e-002 -3.5120001e-001
  7.1998805e+000  1.0000000e+000  6.9443404e-001 -7.9684078e-001 -1.5642389e+000
  2.6954423e+000  1.0000000e+000 -1.9236288e+000 -8.1024037e-001 -4.9981902e-001
  4.8883665e+000  1.0000000e+000  1.0548696e+000 -5.8094904e-004  1.3535461e+000
 -4.0353888e-001  1.0000000e+000 -3.9888904e-001 -1.2871235e-001  1.2455066e+000
  3.3528477e-002  1.0000000e+000 -9.8271682e-002  1.7888617e+000  3.8597584e-002
  3.6639542e+000  1.0000000e+000 -8.8138889e-001  3.7705796e-001 -1.1276555e+000
  3.4709123e+000  1.0000000e+000 -8.8723589e-001 -1.1303570e+000  2.8767651e-001
  3.7724793e+000  1.0000000e+000  7.6507757e-001  5.0426140e-002  7.0891270e-001
  6.1327060e-001  1.0000000e+000 -4.3773996e-001  6.4654582e-001 -3.1459057e-001
  2.4635911e+000  1.0000000e+000 -1.1167221e+000 -1.2485938e+000  4.2347192e-001
  2.8107265e+000  1.0000000e+000 -8.5027668e-001  1.2535839e+000 -4.6595622e-001
  2.5650359e+000  1.0000000e+000  4.0856737e-001  1.8403654e+000  1.4219198e+000
  1.6619172e+000  1.0000000e+000 -1.3378923e+000 -1.5544355e+000  1.5352477e+000
  4.4909468e+000  1.0000000e+000  1.5809159e-001  6.7667021e-001  6.1458965e-001
  3.4258591e+000  1.0000000e+000  3.6126097e-001  7.5365031e-001 -1.3068021e+000
  1.0747836e+000  1.0000000e+000 -4.7259305e-001 -9.2771690e-001  5.8068335e-001
  2.7453095e+000  1.0000000e+000  5.4214261e-001 -1.0893041e+000  1.4810465e+000
  1.8422219e+000  1.0000000e+000 -7.2956217e-001  1.7892580e+000 -4.8016803e-001
  3.6927925e+000  1.0000000e+000  1.1477847e+000  1.0188596e+000  5.4114715e-003
  2.4552368e+000  1.0000000e+000 -1.7739420e-001 -2.3710022e-001 -1.3118885e+000
  6.6361431e+000  1.0000000e+000  1.1170725e+000 -5.6386794e-002 -1.1668848e+000
  4.1217935e+000  1.0000000e+000 -3.7181692e-001 -1.1050074e+000 -8.8938828e-001
  4.5617455e+000  1.0000000e+000  3.2878564e-001  1.3254483e+000 -1.2938668e+000
  1.6914938e+001  1.0000000e+000  1.5867724e+000 -1.4764773e+000 -2.3335954e+000
  5.9314588e-001  1.0000000e+000 -1.4509254e+000 -4.8181967e-001  1.2534055e+000
  8.5297140e+000  1.0000000e+000  1.0281037e+000 -3.0007849e-001 -1.3906286e+000
  1.2907530e+000  1.0000000e+000 -1.2057829e+000 -1.5921166e+000  1.5187944e+000
  4.0988317e+000  1.0000000e+000 -1.8813485e+000 -1.7065182e+000 -6.3505925e-001
  4.8901038e+000  1.0000000e+000  8.6201081e-001 -5.4692445e-002 -6.0256391e-001
  1.1976434e+000  1.0000000e+000 -2.6908313e-001  7.3293896e-001 -6.4400291e-001
 -1.1500158e+000  1.0000000e+000 -4.8835927e-001  9.9861115e-001  1.3149737e+000
  1.6597355e+000  1.0000000e+000  3.8961129e-002 -6.7525535e-001  1.6786903e+000
  2.6118142e+000  1.0000000e+000  1.8410562e+000 -1.1460451e-001  1.9221018e+000
  5.6955691e+000  1.0000000e+000  5.3314397e-001  4.2746503e-001 -1.5602972e+000
  2.5164172e+000  1.0000000e+000 -1.2570227e+000 -7.0300469e-001 -9.8349568e-001
  1.6047504e+000  1.0000000e+000 -1.2890500e+000  1.5995351e+000 -3.2307290e-001
  1.0579083e+000  1.0000000e+000 -1.0802734e+000  1.9831193e-001  3.7320989e-001
  2.7279355e+000  1.0000000e+000  1.3226705e+000  2.7004903e-001  2.6549943e-001
  1.0782651e+000  1.0000000e+000 -8.3703776e-001 -1.2452823e-001  6.3195457e-001
  2.1562265e+000  1.0000000e+000 -5.7225341e-001 -1.5426299e+000  6.8092789e-001
  7.3646411e-001  1.0000000e+000  6.5672971e-002  1.1356200e+000 -7.1756049e-001
  6.4700120e+000  1.0000000e+000  6.4127034e-002 -1.7151379e+000 -8.8947804e-001
  3.0585102e+000  1.0000000e+000  5.4494758e-001 -7.7496342e-001  6.8590699e-001
  2.4920056e+000  1.0000000e+000 -2.7136154e-001 -1.6864546e+000 -1.2156286e-001
  3.9664953e+000  1.0000000e+000 -1.1378706e-001 -6.3161998e-001 -1.5344583e+000
  3.6725006e+000  1.0000000e+000 -2.2797381e-001 -7.5674923e-001 -5.8290918e-001
  3.0693685e+000  1.0000000e+000 -1.1170167e+000 -3.1188797e-001 -8.6969879e-001
  2.0391749e+000  1.0000000e+000 -1.6943811e+000  4.6989493e-001  1.7495903e+000
  4.5769447e+000  1.0000000e+000  1.7321604e+000 -1.6737481e-001  6.2878875e-001
  1.3607985e+000  1.0000000e+000  1.0334682e-001  5.2950473e-001  5.4301002e-001
  1.0774739e+000  1.0000000e+000 -3.0514985e-001 -1.9744651e-002  1.0400186e+000
  7.0024188e+000  1.0000000e+000  1.7471174e+000 -2.7744228e-002  1.0993942e+000
  3.5427844e+000  1.0000000e+000  1.3800383e-001 -7.6391098e-001  6.9176051e-001
  9.1554418e+000  1.0000000e+000  6.7957131e-001 -1.6206080e+000 -2.1140030e+000
  2.4597529e+000  1.0000000e+000  1.6560830e-001 -1.6071778e-001  6.0150129e-002
  1.9676223e+000  1.0000000e+000  1.3903078e+000  7.4656515e-001  6.8432473e-001
  2.5532667e+000  1.0000000e+000  2.8711925e-001  1.5102503e-001  6.8421362e-003
  2.7511899e+000  1.0000000e+000  1.0749399e-001  8.3251245e-001  3.2634446e-001
  2.1573720e+000  1.0000000e+000  4.0865122e-001  1.0480063e+000  4.9854727e-002
  3.1426884e+000  1.0000000e+000  9.2810620e-001 -3.9537618e-001  8.8184720e-001
  1.8879806e+000  1.0000000e+000 -9.5465396e-001 -5.1493492e-001 -2.5952854e-001
  2.1175114e+000  1.0000000e+000  9.0606986e-002 -2.4295579e-001 -5.0872917e-001
  1.5848384e+000  1.0000000e+000 -5.3046757e-001 -2.0175026e+000  1.5418270e+000
  8.3163792e+000  1.0000000e+000  1.9888141e+000 -3.8726657e-001 -2.4776266e-002
  3.9142192e+000  1.0000000e+000  8.2928864e-001  6.9725272e-001 -7.2149826e-001
  1.2313569e+000  1.0000000e+000 -1.0539220e+000 -7.1543453e-001  1.5622877e+000
  5.1234928e+000  1.0000000e+000  1.4519163e+000  1.1647984e+000 -5.5756145e-001
  9.5608254e-001  1.0000000e+000 -9.2761326e-001  2.8079779e-001  1.2986332e+000
  4.9737235e+000  1.0000000e+000  7.6774203e-001  3.5787513e-001 -6.1265780e-001
 -4.7383301e-002  1.0000000e+000 -6.6365100e-001  1.2631381e+000  7.6277974e-001
  1.0010951e+001  1.0000000e+000  2.2909803e+000 -1.1433230e+000  5.1787418e-001
  2.3388521e+000  1.0000000e+000  2.5149258e-001  1.7021456e+000 -5.7568379e-001
  4.4333952e+000  1.0000000e+000  7.1117532e-001 -1.4748458e+000  4.1462812e-001
  1.4462568e+000  1.0000000e+000 -6.8123183e-001  6.4516992e-001 -3.5805200e-001
  1.1273867e+001  1.0000000e+000  1.0462106e+000  5.0858406e-001 -2.2898493e+000
  1.6735633e+000  1.0000000e+000 -1.5022127e+000 -4.0230777e-001  1.0139988e+000
  1.9312311e+000  1.0000000e+000  6.6218674e-002  1.2317657e+000 -2.6094652e-001
  2.3636578e+000  1.0000000e+000 -3.1235381e-001  8.3158505e-002 -1.7448772e-001
  1.7743587e+000  1.0000000e+000  9.1181649e-002  2.1750480e+000  9.7066444e-001
  1.4920289e+000  1.0000000e+000 -3.8895176e-001  7.1645163e-002  1.9671447e+000
  3.7043949e+000  1.0000000e+000  2.3251361e-001 -3.7787532e-001  1.8347286e-001
  6.9688831e+000  1.0000000e+000  1.4076277e+000 -3.9300839e-001 -9.8436143e-003
  1.6824019e+000  1.0000000e+000 -1.4515679e+000 -7.9300036e-001 -9.9118935e-001
  7.8050833e-001  1.0000000e+000 -2.1207664e-001  1.9298481e+000  9.6382169e-001
  1.5501694e+000  1.0000000e+000 -3.3853386e-001  9.4943560e-001  4.7709038e-001
  2.4263498e+000  1.0000000e+000 -6.9291406e-001  6.7229060e-001  3.2689573e-001
  4.2331819e+000  1.0000000e+000  7.2264899e-001  8.8775016e-002 -8.1146865e-001
  7.6869599e-001  1.0000000e+000 -1.4876130e+000 -4.2034745e-002 -7.7494573e-001
  3.9626228e+000  1.0000000e+000  2.8670789e-001  1.3657347e+000 -7.9211877e-001
  2.3983047e+000  1.0000000e+000 -2.1505287e-001  5.2695217e-001 -4.9041655e-001
  1.6355416e+000  1.0000000e+000 -5.4621622e-001  2.8381359e-001 -5.1725537e-001
  2.9430211e+000  1.0000000e+000 -2.4373964e-001  1.3713896e+000 -5.5416866e-001
  2.7532944e+000  1.0000000e+000  5.7436569e-001  9.1680894e-001  2.2575173e-001
 -6.3720821e-001  1.0000000e+000 -5.7651697e-001  1.5004872e+000 -5.9110611e-001
  2.7245905e+000  1.0000000e+000  4.9275682e-001 -1.3603324e+000  4.4798611e-001
  2.2892209e+000  1.0000000e+000 -5.2000671e-001  7.5270555e-001 -5.5904472e-001
  8.8148835e-001  1.0000000e+000 -9.9381584e-001  1.8933484e+000  1.0953430e+000
  7.0345957e+000  1.0000000e+000  2.0018141e+000  2.5917195e-001  4.8776597e-001
  2.4662904e+000  1.0000000e+000  2.5891895e-001 -7.3482796e-002  5.8555133e-001
  5.2884207e+000  1.0000000e+000  1.1793527e+000  2.1005398e-001 -5.7495344e-001
  2.0973059e-001  1.0000000e+000 -1.0046161e+000 -2.4097199e-001  6.7965128e-001
  1.2365452e+001  1.0000000e+000  2.2477744e+000 -5.7031680e-001 -4.2740135e-001
  9.3972974e-001  1.0000000e+000 -1.0687829e+000  1.1760993e-001  1.9275695e-001
  1.1276320e+000  1.0000000e+000 -1.4419172e+000  3.5956023e-001 -1.1937967e+000
  8.2184705e+000  1.0000000e+000  6.9718675e-001 -5.6271002e-001 -1.3213786e+000
  3.8383119e+000  1.0000000e+000  3.3422861e-001 -5.1384019e-002 -3.3403463e-001
  1.6783344e+000  1.0000000e+000  4.2471340e-001  1.3629605e+000  1.5911206e+000
  1.3516715e+000  1.0000000e+000  4.6108025e-001  6.6554083e-001  7.6336652e-001
  5.9061783e+000  1.0000000e+000  8.9972274e-001 -2.9841611e-001 -7.5221629e-001
  6.6831844e+000  1.0000000e+000  1.5597852e+000 -1.4602233e-001 -2.3334055e-002
  6.3925476e+000  1.0000000e+000  5.8959046e-001  5.4728769e-001 -1.8329553e+000
  7.2429842e+000  1.0000000e+000  7.3977507e-001 -6.8621261e-001 -1.7514860e+000
  1.9823385e+000  1.0000000e+000 -1.1565999e+000  1.3654381e+000  6.7141560e-001
  3.4095782e+000  1.0000000e+000  3.3353976e-001 -3.1870911e-001  7.3163122e-003
  2.9241910e+000  1.0000000e+000  7.2494646e-001  1.7224077e-001 -4.2989492e-001
  1.7760971e+000  1.0000000e+000  2.7651111e-001  2.0681417e+000  1.4614636e+000
  1.5168736e+000  1.0000000e+000 -5.2028099e-001  1.6730410e-001  1.1539219e+000
  1.6976578e+000  1.0000000e+000 -1.0324169e-001 -4.1908575e-001 -1.0018913e+000
  3.1938157e-002  1.0000000e+000 -4.6320754e-001  9.3997082e-001 -3.4977618e-001
  1.5879253e+000  1.0000000e+000  2.4445647e-002 -1.7493227e-001  6.8834196e-001
  4.3845710e+000  1.0000000e+000  1.8478921e+000  4.3666585e-001  1.5157974e+000
  7.6483754e+000  1.0000000e+000  1.0351022e+000 -1.3317442e-001 -1.1253014e+000
  3.1456052e+000  1.0000000e+000 -2.8985708e-001 -2.0111723e-001 -1.5842784e+000
  6.4975132e+000  1.0000000e+000  1.8648121e+000 -6.6652902e-001  5.4857826e-001
  3.0415320e+000  1.0000000e+000 -1.9063732e-001 -8.9809564e-002 -8.5929149e-002
  9.2728443e-001  1.0000000e+000 -1.6496905e+000  1.5098688e+000  5.4307474e-001
  4.2684842e+000  1.0000000e+000 -1.5528155e-001 -1.4117886e+000 -4.6740130e-001
  4.4621919e+000  1.0000000e+000 -2.1126296e-002 -8.4969743e-002 -2.4390991e+000
  2.0580643e+000  1.0000000e+000 -6.4325133e-001 -1.8629741e+000  1.2990969e+000
  2.3910990e+000  1.0000000e+000 -8.5386498e-001  9.6018670e-001  7.9146943e-001
  2.7531972e+000  1.0000000e+000  5.8655603e-002  9.1473640e-001 -5.7139822e-001
  2.8578598e+000  1.0000000e+000  2.2823455e-001  2.8860845e-001 -1.4916561e-001
  6.0360451e+000  1.0000000e+000  1.2512563e+000 -4.4879963e-001 -2.4120849e-001
  4.9971472e-001  1.0000000e+000 -1.7876086e+000  8.3490842e-001  7.7569099e-001
  2.8728619e+000  1.0000000e+000 -1.7595316e-002  1.1069510e+000 -1.3271504e+000
  1.1082983e+001  1.0000000e+000  1.5724510e+000  8.7468762e-001 -2.1111756e+000
  4.1594316e+000  1.0000000e+000  2.0800563e-001  6.6681841e-001 -3.5340298e-001
  1.9095716e+000  1.0000000e+000 -1.9053281e+000 -1.6464351e+000  9.6123153e-003
  1.9562723e+000  1.0000000e+000 -9.1397214e-001  6.7418112e-002 -1.0642258e-001
  4.1469828e+000  1.0000000e+000 -1.8948062e-001 -9.4306339e-001 -2.2102362e-001
  1.8894909e+000  1.0000000e+000 -3.6471507e-001 -2.6940143e-001  8.0343247e-001
  3.0752509e+000  1.0000000e+000  9.5580758e-001  1.6276506e+000  2.0122756e+000
  4.1047729e+000  1.0000000e+000 -1.5771369e-001  6.6178485e-001 -4.4272004e-001
  1.8570477e+000  1.0000000e+000 -1.6313411e+000  1.8100150e-001  1.0249912e+000
  3.1311893e+000  1.0000000e+000 -6.1434892e-001  7.6102764e-001 -5.4226639e-002
  7.3864542e+000  1.0000000e+000  1.6641042e+000  3.0162416e-001 -1.0606860e+000
  2.1450030e+000  1.0000000e+000 -1.2834971e-001 -1.8772812e-002  1.4265689e+000
  1.4619268e+000  1.0000000e+000 -8.2316124e-001  3.9915169e-001  1.8782065e+000
  1.1031968e+000  1.0000000e+000 -1.5950383e+000 -9.4521240e-001 -1.5577224e+000
  1.0509548e+000  1.0000000e+000 -3.2709893e-001  1.2848626e-001 -4.6434101e-001
  1.4741210e+000  1.0000000e+000 -4.9510470e-001  2.5726655e-001  1.2153006e-001
  2.7056651e+000  1.0000000e+000 -5.4066242e-001  3.5411243e-001  2.7482253e-001
  6.2987287e-001  1.0000000e+000 -2.5208633e+000  5.2135052e-002 -1.7581080e+000
  6.3511468e+000  1.0000000e+000  1.4811157e+000  1.5627796e+000 -8.7505671e-001
  2.8653143e+000  1.0000000e+000  1.5438436e-001  2.6440287e-001 -4.0979001e-002
  4.8359707e+000  1.0000000e+000  1.0034096e+000  4.6056446e-001 -3.5826669e-001
  6.0053193e-001  1.0000000e+000 -7.1382113e-001  1.0818110e+000 -4.2330985e-001
  5.2084698e+000  1.0000000e+000  4.5770385e-001  6.5676591e-001 -7.3890828e-001
  3.3585949e+000  1.0000000e+000  7.5703275e-001  2.3158954e-001  8.2887199e-002
  2.0797561e+000  1.0000000e+000 -2.2993642e-001  2.7231184e-001  5.2471415e-001
  5.0805697e+000  1.0000000e+000  9.5917601e-001 -1.3414573e-001  4.5354753e-001
  5.5540275e+000  1.0000000e+000  9.1549412e-001  1.3155159e+000 -1.1995487e+000
  7.1631519e+000  1.0000000e+000 -6.0949212e-002 -2.5842876e+000 -1.3150375e+000
  1.0707621e+000  1.0000000e+000 -1.5828816e+000  9.2226752e-001  1.0439266e+000
 -2.2355324e-001  1.0000000e+000 -1.7850627e+000 -5.4973137e-001  6.9506433e-001
  2.1912370e+000  1.0000000e+000 -2.3753455e-001 -4.7359324e-001 -7.3844483e-001
  3.9221383e+000  1.0000000e+000  4.9788761e-001  5.1877108e-001 -1.1025451e+000
  3.5481005e-001  1.0000000e+000 -3.4333288e+000 -4.9920908e-001  7.9635457e-001
  1.1286177e+000  1.0000000e+000 -3.0800881e-001  1.4191978e+000 -3.4065842e-001
  3.9566665e+000  1.0000000e+000 -1.8992441e-001 -1.2246515e+000 -8.3243619e-001
  1.3810432e+000  1.0000000e+000 -8.8720942e-001  1.2281853e+000 -9.2039585e-001
  7.7560197e-001  1.0000000e+000 -1.2543021e+000  5.7193031e-001  8.7673217e-002
  4.0473562e+000  1.0000000e+000 -5.3830896e-001 -4.8138361e-002 -1.0381189e+000
 -3.8760673e-001  1.0000000e+000 -6.8221146e-001  1.6159490e+000  6.9555299e-002
  1.6433636e+000  1.0000000e+000 -5.6545397e-002  1.0530516e+000  1.3606594e+000
  4.4185553e+000  1.0000000e+000 -3.5847367e-001 -7.0387867e-001 -1.5839988e+000
  2.5352475e+000  1.0000000e+000 -1.5651117e+000  1.0975576e+000  7.8540080e-001
  1.5586814e+000  1.0000000e+000 -2.1937447e+000 -1.8005154e-001  3.6025221e-001
  3.6297629e+000  1.0000000e+000 -2.4482968e-001 -1.3755259e+000 -9.5794306e-001
  3.1025762e+000  1.0000000e+000  5.4498290e-002 -3.6971885e-001 -2.8874234e-001
  1.3322277e+001  1.0000000e+000  1.7111173e+000 -8.2270934e-001 -1.7925258e+000
  3.8631688e+000  1.0000000e+000  7.6489069e-001  1.1647257e+000 -1.5771119e-001
  4.1694970e+000  1.0000000e+000  9.9611296e-001  4.6155004e-001 -3.1866253e-001
  2.0665768e+000  1.0000000e+000 -5.8137687e-001 -1.3668329e+000 -4.1649632e-001
  2.4808723e+000  1.0000000e+000 -7.4677626e-001 -2.9125976e-001 -5.9494607e-001
  1.8865357e+000  1.0000000e+000 -6.0315698e-001 -7.2862590e-002 -6.4061099e-001
  4.2495169e+000  1.0000000e+000  9.5244334e-001  3.4631538e-001  4.6663982e-001
  6.1648876e+000  1.0000000e+000  1.2807576e+000  1.3194791e+000 -7.0276755e-001
  5.9894137e+000  1.0000000e+000  8.7208543e-001 -1.0546634e+000 -3.9752698e-001
  1.1844404e+000  1.0000000e+000 -6.9600673e-001  1.6731729e+000  5.3615196e-001
  3.9758238e+000  1.0000000e+000  2.0676686e-001 -6.1168639e-001 -4.8645470e-001
  3.0168797e+000  1.0000000e+000 -2.5439277e-001  1.0166434e-001 -1.2776784e+000
  1.4488705e+001  1.0000000e+000  1.3665388e+000 -2.3329402e+000 -1.5150436e+000
  4.2889384e+000  1.0000000e+000  1.1200184e+000  3.8872493e-001  5.8530806e-001
  4.4692454e+000  1.0000000e+000  5.0364062e-001  1.0517050e-001 -7.0898327e-001
  2.0432055e+000  1.0000000e+000 -1.0303298e+000 -1.0277128e+000 -1.6665838e-001
  1.8634425e+000  1.0000000e+000  6.2830817e-001  1.6339330e-003  2.4220093e-001
  2.9464953e+000  1.0000000e+000  4.1469786e-001 -5.0796113e-001 -5.6491533e-002
  5.3706315e+000  1.0000000e+000  1.0637497e+000 -1.6357623e+000  1.5143081e-001
  2.6240604e+000  1.0000000e+000 -3.7090825e-001 -2.8139865e-001  9.0570793e-001
  1.4734165e+000  1.0000000e+000 -1.1826742e+000 -3.7594234e-001  1.6068493e+000
  3.1251688e+000  1.0000000e+000  1.3611188e-001  1.0608919e+000 -1.4794746e-002
  1.9046959e+000  1.0000000e+000 -1.0308847e+000 -4.7473048e-002  2.3856231e-001
  5.1066558e+000  1.0000000e+000  6.3954709e-001 -1.4533867e+000 -3.9102060e-001
  7.2849348e+000  1.0000000e+000  9.6650068e-001 -5.5336201e-001  1.3223615e-001
  1.3638898e+000  1.0000000e+000 -1.0380306e+000  1.6094191e+000  1.9309031e-002
  2.7324885e+000  1.0000000e+000  4.8127139e-002 -4.4092546e-001 -9.2399160e-002
  2.2439459e-001  1.0000000e+000 -1.1435863e-002 -1.8735150e-001  2.3935779e+000
  2.6253853e+000  1.0000000e+000 -1.1070006e+000  1.1171289e+000  8.0364036e-002
  7.3718129e+000  1.0000000e+000  2.5705262e+000  8.4966277e-001  6.1209584e-001
  1.1143618e+000  1.0000000e+000  7.6382713e-002 -4.7685789e-001  5.1611150e-001
  4.2666768e+000  1.0000000e+000  1.1315419e+000  2.0227712e+000 -7.9062636e-001
  4.1018105e+000  1.0000000e+000  4.5901741e-001  1.7916001e-001  3.7022877e-001
  8.3771758e-001  1.0000000e+000 -1.1495276e-001 -7.7389115e-002  1.6036434e+000
  2.5785910e+000  1.0000000e+000  3.8701291e-001  6.1911727e-001  1.2848439e-001
  4.8529260e+000  1.0000000e+000  4.9943924e-001  3.3492364e-001 -4.0682267e-001
  1.3417410e+000  1.0000000e+000 -2.2842703e+000 -5.7922648e-001 -9.7590298e-001
  6.2151212e+000  1.0000000e+000  1.5936399e+000  2.4549619e-001 -5.7011673e-001
  2.0091118e+000  1.0000000e+000 -2.2373678e-001  7.6386503e-001 -2.5688686e-001
  5.5490333e-001  1.0000000e+000  4.3466739e-001  1.5723300e+000  1.4698896e+000
  3.0687558e+000  1.0000000e+000 -3.3451619e-001  1.0620492e+000  3.5016807e-001
  3.3357062e+000  1.0000000e+000  5.7251223e-001  4.2897823e-001  1.0444706e-001
  6.8023617e-001  1.0000000e+000 -6.3522048e-001  8.9269832e-001 -2.3768040e-001
  3.8948465e+000  1.0000000e+000  5.4815880e-001 -1.6286347e+000 -1.1940804e-001
  1.5801882e+000  1.0000000e+000 -3.4867895e-001 -9.2446464e-001  6.6753716e-001
  2.2079344e+000  1.0000000e+000 -2.2030261e-002 -1.0055692e-001  1.6463120e+000
  1.7073605e+000  1.0000000e+000 -2.2877906e-001 -1.1098927e+000  9.7705004e-001
  1.1263770e+001  1.0000000e+000  3.0206026e+000  3.1633440e-002  2.7107035e-001
  2.0098952e+000  1.0000000e+000  3.2022456e-001  3.8959651e-001  4.5140488e-001
  2.8473132e+000  1.0000000e+000  5.9215988e-001  6.5314532e-001 -2.8504614e-001
  5.3758970e+000  1.0000000e+000  1.0326030e+000 -1.5889307e+000  6.1316689e-001
  3.7823403e+000  1.0000000e+000  1.0168596e-001  2.8277488e-001 -8.4775272e-001
  1.6450913e+000  1.0000000e+000 -1.6032348e+000  1.3381835e+000  1.0987314e+000
  3.5741859e-001  1.0000000e+000 -1.1691254e+000  1.6867837e+000  1.1327709e+000
  4.9866718e+000  1.0000000e+000  1.3138796e+000  5.8063663e-001  8.3057582e-001
  1.3379418e+000  1.0000000e+000 -1.7644229e+000  6.3802889e-001 -3.3022358e-001
  1.6514119e+000  1.0000000e+000  3.0153101e-001  6.9487310e-001  1.2514052e+000
  2.5000315e+000  1.0000000e+000  8.6907111e-001  1.8888532e-001  1.6475912e+000
  1.8750572e+000  1.0000000e+000  1.5871209e-002 -5.5108189e-001  9.6897799e-001
  4.7039614e+000  1.0000000e+000  1.6192855e+000  9.0751372e-001  4.1884176e-001
  1.5372251e-002  1.0000000e+000 -1.5158407e+000 -1.3114485e+000 -2.6607077e-001
  5.8658033e-001  1.0000000e+000 -4.5211673e-001  1.8324787e+000 -3.3369788e-001
  3.8361989e+000  1.0000000e+000  4.8707745e-001 -2.3666012e-001 -5.6454868e-001
  2.1585712e+000  1.0000000e+000 -4.9309782e-001 -6.4537895e-001 -1.0047400e-001
  2.0511683e-001  1.0000000e+000 -5.8451005e-001 -2.5443455e-001  5.7489103e-001
  4.1168213e+000  1.0000000e+000  1.2240546e+000  2.0968884e-001  2.2473603e-001
  3.3645007e+000  1.0000000e+000  1.2959069e+000 -5.6987523e-001  8.2298576e-001
  4.3083641e+000  1.0000000e+000 -4.5618248e-001  9.9167522e-001 -2.5279585e+000
  3.8516720e+000  1.0000000e+000 -2.8343133e-001 -1.6026084e+000 -5.1772839e-002
 -3.2597662e-001  1.0000000e+000 -1.7104302e+000  6.1497272e-001  6.2672174e-002
  2.6533869e+000  1.0000000e+000 -6.5898475e-001  4.8113890e-001 -6.2687621e-001
  2.0721709e+000  1.0000000e+000 -1.0085508e+000 -2.8283297e-001  1.2014939e+000
  8.9958582e-001  1.0000000e+000 -4.7311277e-001 -1.2095590e+000  6.9751368e-001
  1.2689127e+001  1.0000000e+000  1.5658590e+000  2.0245245e-001 -2.5558913e+000
  2.9717879e+000  1.0000000e+000 -2.1521695e-001  3.1593305e+000  1.6830463e-001
  1.0104626e+000  1.0000000e+000 -2.0992615e+000 -2.2134020e-001  1.3786152e+000
  2.0003206e+000  1.0000000e+000 -4.3683269e-001  1.6297366e+000 -4.9724606e-001
  1.5752650e+000  1.0000000e+000 -1.0228022e+000  1.7678506e+000 -3.9620681e-001
  8.0039487e-001  1.0000000e+000 -4.5669873e-001  6.3279100e-001  4.5219385e-001
  3.6528707e+000  1.0000000e+000  8.4120825e-001 -1.1250452e+000  1.3333288e+000
  2.1724364e+000  1.0000000e+000  6.5202602e-001 -4.1486046e-001  1.6943220e+000
  4.4102561e+000  1.0000000e+000  1.1426189e-001  7.7402721e-001 -2.1648587e+000
  4.0686413e+000  1.0000000e+000 -4.7830248e-001 -1.9308526e+000 -1.1768839e+000
  1.8861993e+000  1.0000000e+000 -6.0181969e-001  1.6582401e-002  5.0196501e-001
  2.7597533e+000  1.0000000e+000  1.8374722e-001  9.0403250e-001 -9.2530438e-001
  4.4584287e+000  1.0000000e+000 -1.5924499e-001 -3.3205750e-001  1.0514598e-001
  2.0354912e+000  1.0000000e+000 -2.1406487e-002  1.0828266e+000  2.1977647e+000
 -1.4496574e+000  1.0000000e+000 -1.8704725e+000 -1.0794699e-001  2.7167569e-001
  4.9652730e+000  1.0000000e+000  6.9756384e-001 -1.3463569e+000  1.7068785e+000
  2.6423238e+000  1.0000000e+000 -1.0194529e+000 -5.4033216e-001 -2.1918697e-001
  2.5629068e+000  1.0000000e+000 -4.6899052e-001  3.2334490e-001  7.0694250e-001
  5.4537050e+000  1.0000000e+000  6.3855616e-001 -2.6925490e-001  3.8024492e-002
  5.1187988e+000  1.0000000e+000 -3.8632639e-001 -3.6848060e-001 -1.1413422e+000
  3.5099538e+000  1.0000000e+000 -1.9597843e-001 -1.2793640e+000  6.3609618e-002
  2.2952799e+000  1.0000000e+000  3.1169471e-001 -4.9809959e-001 -6.3519959e-001
  4.2843463e+000  1.0000000e+000  1.4858493e-002 -3.2702751e-001  8.7385988e-001
  3.3300788e-001  1.0000000e+000 -1.5561823e+000  1.3802080e+000 -7.0679916e-001
  3.2045141e+000  1.0000000e+000  1.3077462e+000  3.9499064e-001  8.7672052e-001
  1.5288573e-001  1.0000000e+000 -8.2234590e-001  9.2298641e-002  6.8998034e-001
  2.9909250e+000  1.0000000e+000 -7.1382514e-001 -3.2921187e-001  4.9456150e-002
  9.0716821e-001  1.0000000e+000 -2.8512444e+000 -5.1241385e-001 -4.9010110e-001
  1.9324265e+000  1.0000000e+000 -1.0848877e-001 -1.0409128e+000  1.1756129e+000
  2.6923136e+000  1.0000000e+000  7.0690455e-001  7.0037054e-001  3.6330089e-002
  3.5201016e+000  1.0000000e+000  1.0687332e+000 -2.0345239e+000  1.2328338e+000
  2.8330173e+000  1.0000000e+000 -3.6741968e-001  4.5345618e-001 -9.1035282e-001
  6.5662113e-001  1.0000000e+000 -1.1349255e+000 -6.4914634e-001 -6.8359879e-002
  6.1262937e-001  1.0000000e+000 -1.3345955e+000  8.9537236e-001  4.0228981e-001
  1.7686536e+000  1.0000000e+000 -1.3788212e+000  6.7354681e-001 -8.1278581e-001
  3.7589595e+000  1.0000000e+000  1.8861519e+000  7.9421971e-001  8.5997141e-001
  1.8801981e+000  1.0000000e+000  3.4899259e-001 -7.7251647e-001  2.0224669e+000
  1.2584361e+001  1.0000000e+000  1.2866705e+000 -2.1931571e+000 -1.2200958e+000
  6.4661662e+000  1.0000000e+000  1.4530567e+000 -6.0123674e-001  1.8487188e-001
  1.9781961e+000  1.0000000e+000  2.9608640e-001  6.2771036e-001 -1.4980574e-001
  2.1185941e+000  1.0000000e+000  4.3184996e-001 -3.0223916e-001  2.7459091e-001
  3.4700471e+000  1.0000000e+000  3.6259243e-001  1.0625628e+000  1.6268736e+000
  4.0791132e+000  1.0000000e+000 -4.0538873e-002 -1.4235346e+000  4.3841171e-001
  3.5694231e+000  1.0000000e+000 -2.4633893e-001  1.6411687e-001  1.3706953e-001
  2.7294412e+000  1.0000000e+000  1.3001344e+000  2.9147539e-001  3.1163695e-001
  4.9118810e+000  1.0000000e+000  1.1466033e+000  4.9082183e-001 -6.5775190e-002
  3.0616610e-001  1.0000000e+000 -1.3133788e+000 -1.2105579e+000  2.8652657e-001
  5.7634118e+000  1.0000000e+000  1.0041003e+000 -5.1820263e-001  3.4676189e-001
  3.3657951e+000  1.0000000e+000  7.0509339e-001 -2.3538991e-002  1.5561485e+000
  1.5307896e+000  1.0000000e+000 -8.7272450e-001  4.1658551e-001 -1.6870241e+000
  6.9579924e+000  1.0000000e+000 -2.5732011e-001 -1.3638053e+000 -1.1530887e+000
  8.8015929e+000  1.0000000e+000  2.1683310e+000  1.1307441e+000 -1.2251227e+000
  1.8540474e-002  1.0000000e+000  2.1540619e-001  1.2900725e+000  1.1002503e+000
  1.4440596e+000  1.0000000e+000 -1.2153852e+000  3.7554912e-001 -8.9879182e-002
  5.1219901e+000  1.0000000e+000 -1.6179992e+000 -2.3728267e+000 -1.5908543e+000
  5.9976675e+000  1.0000000e+000  1.6562576e+000 -8.5526745e-002  3.1081160e-001
  5.8619862e+000  1.0000000e+000  1.3040841e+000 -4.4901614e-001  1.8801562e-001
  1.0858575e+000  1.0000000e+000  3.2665687e-001  1.2337301e-001  1.1165793e+000
  1.1071712e+000  1.0000000e+000  6.1290782e-001 -4.7928761e-002  3.2073860e-001
  2.1446062e-001  1.0000000e+000 -6.0186969e-001  3.0275421e-001 -3.6572534e-001
  1.7266332e+000  1.0000000e+000 -3.5520564e-001  6.3971959e-001  1.0834330e+000
  4.5443947e+000  1.0000000e+000  6.8125502e-001 -6.9600453e-001  8.7082900e-002
  4.5668383e+000  1.0000000e+000  1.1705406e+000 -1.3906887e+000  1.1954095e+000
  3.4723492e+000  1.0000000e+000 -1.4517847e-001  2.5903016e-001 -4.4892782e-001
  1.8813236e+000  1.0000000e+000 -6.2868753e-001  1.7139041e+000  8.5100579e-001
  2.4404571e+000  1.0000000e+000 -3.7616722e-002  1.2468961e+000  1.9361293e-001
  6.6001260e+000  1.0000000e+000  1.2020284e+000 -1.3279511e+000 -2.0903627e-001
  3.3035717e+000  1.0000000e+000 -4.3450190e-001 -1.7706906e-001 -1.8528146e-001
  3.6363605e+000  1.0000000e+000  2.3693082e-001 -1.1247922e+000 -3.5305604e-001
  1.4793806e+000  1.0000000e+000 -5.0365796e-001 -3.3430758e-001  1.3824109e+000
  3.0253345e+000  1.0000000e+000  3.6528836e-001  3.4447637e-002  9.8962835e-002
  1.6150257e+000  1.0000000e+000  4.4771281e-001 -1.1431224e-001  1.1218863e-002
  2.2078597e-001  1.0000000e+000 -1.5917804e+000 -1.9552678e-001 -4.7941053e-002
  5.3403291e+000  1.0000000e+000  1.5720074e+000  1.0616764e+000  1.1041652e-001
  1.4716737e+000  1.0000000e+000 -5.7175749e-001 -1.6268536e-001  5.1729297e-001
  3.6041624e+000  1.0000000e+000  8.0572436e-001  1.7323345e+000 -3.5675176e-001
  2.4281025e-001  1.0000000e+000 -4.4562098e-001  9.9425733e-001  7.4434135e-001
  4.3558743e+000  1.0000000e+000  8.2794409e-001  6.0550050e-001 -7.5063900e-001
  8.5339780e-003  1.0000000e+000 -6.7296316e-002  2.1776811e-001  8.5494961e-001
  3.5730459e+000  1.0000000e+000  3.4005041e-001  2.2031415e+000  1.9916463e-001
  2.7896752e+000  1.0000000e+000 -5.2540182e-001  5.1292474e-002 -9.5181834e-001
  2.0162136e+000  1.0000000e+000 -5.2156032e-001 -5.7783056e-002  2.0889102e+000
  3.8524756e+000  1.0000000e+000  3.5458535e-001  1.5571110e+000 -7.1246207e-001
  2.0877574e+000  1.0000000e+000 -1.2296786e+000  4.4592587e-001 -5.0523471e-001
  2.3064440e+000  1.0000000e+000  5.7845317e-001  1.2783728e+000 -6.3029614e-002
  2.6431225e+000  1.0000000e+000 -2.1578238e+000  9.5355441e-001 -6.9794751e-001
  3.1218144e+000  1.0000000e+000  3.0789962e-001  1.2460947e+000 -1.6519067e-001
  6.0874321e+000  1.0000000e+000  9.9231735e-001 -9.5620385e-001  2.5891674e-001
  4.1773706e+000  1.0000000e+000  2.3408515e-001 -9.5092243e-001  1.5003604e+000
  1.3080709e+000  1.0000000e+000 -8.6152616e-001  7.9360271e-001  7.4275228e-001
  1.5366570e+000  1.0000000e+000  2.4614542e-001 -4.6304927e-001  6.9810497e-001
  2.2240572e+000  1.0000000e+000 -6.9820128e-001 -4.9168421e-001  2.5288247e-001
  2.2452995e+000  1.0000000e+000  6.6852603e-002 -3.1277055e-001  7.1956984e-001
  1.0751228e+001  1.0000000e+000  1.7143173e+000 -1.5432974e+000 -6.2476275e-001
  2.4190392e-001  1.0000000e+000 -1.6540296e+000  7.0326098e-001 -8.0639930e-001
  4.5350676e+000  1.0000000e+000  9.9281597e-001 -1.0516232e-001 -9.3489587e-001
  8.5569182e+000  1.0000000e+000  1.1905120e+000 -8.1390185e-001 -1.0664945e+000
  4.2718488e+000  1.0000000e+000  5.7768402e-001  4.4274989e-001 -1.7631328e+000
  9.6859366e-001  1.0000000e+000  2.4449171e-001  1.6046119e+000  6.9885523e-001
  2.7354494e+000  1.0000000e+000 -1.2516411e-001 -1.1378173e+000  1.8698561e-001
  2.5751539e+000  1.0000000e+000 -8.8621807e-001 -9.1540664e-001  4.1074665e-003
  4.7047642e-001  1.0000000e+000 -4.2065844e-001  6.8645547e-001  2.9755641e+000
  1.8881567e+000  1.0000000e+000 -1.2992709e+000 -6.5355703e-001  6.6756667e-001
  5.2744995e+000  1.0000000e+000  7.3886636e-001 -1.3594539e+000 -3.7525181e-001
  5.3364209e+000  1.0000000e+000  1.1529361e+000 -1.2548272e+000  2.3222500e-001
  8.3732671e-001  1.0000000e+000 -3.8675229e-001  2.7293185e+000 -1.2676021e+000
  2.6196743e+000  1.0000000e+000 -2.4766319e-001  3.0439604e-001 -1.1568219e+000
  1.0851206e+000  1.0000000e+000 -9.5555005e-001  1.0135079e-001 -4.3319479e-001
  2.1029529e+000  1.0000000e+000  1.2902222e+000  1.8926618e+000  3.9720756e-001
  1.6980659e+000  1.0000000e+000 -6.5252900e-001  2.5214634e+000  1.3167197e-002
 -1.8711417e-001  1.0000000e+000  2.8133529e-001  1.8205083e+000  4.1824906e-001
  4.0582324e+000  1.0000000e+000  8.8851163e-001 -1.2576295e+000  8.1981914e-001
  5.1227331e+000  1.0000000e+000  4.4424368e-001 -1.0818930e+000 -6.8157332e-001
  4.7454858e+000  1.0000000e+000  1.0490643e+000  1.7581245e+000 -2.6313462e-001
  3.1113182e+000  1.0000000e+000  2.1108009e-001  6.0197796e-001 -1.1121767e+000
  2.3023748e+000  1.0000000e+000 -3.8972641e-001 -1.1378952e+000  1.7465809e+000
  8.8065125e+000  1.0000000e+000  3.7764917e-001 -1.3115439e+000 -1.9620684e+000
  5.0688241e+000  1.0000000e+000  1.2497317e+000 -1.9268774e-001 -7.9031101e-001
  5.8912027e+000  1.0000000e+000 -1.9119856e-001 -4.6290202e-001 -1.2527278e+000
  3.3145549e+000  1.0000000e+000  1.4453520e+000  1.5326854e+000  8.5500368e-001
  3.4690962e+000  1.0000000e+000  6.3799698e-001  1.6338567e+000 -1.0930623e+000
  1.6904942e+000  1.0000000e+000 -2.0946557e-001 -2.7478219e-001  4.0830500e-001
  4.1531127e+000  1.0000000e+000  3.7625545e-001  4.4708289e-001 -8.8176283e-001
  2.5720478e+000  1.0000000e+000  3.4894936e-002  1.1873251e+000  5.8998373e-002
  3.7116862e+000  1.0000000e+000  2.3168977e-001 -8.5765445e-001  4.6114523e-001
  2.1895864e+000  1.0000000e+000 -4.4946772e-001  8.8450172e-003 -1.6208118e+000
  5.0634456e+000  1.0000000e+000  1.5294372e+000  8.0582102e-001  3.4992262e-001
  1.8216146e+000  1.0000000e+000  2.3367432e-001  1.6631311e+000  1.4693294e-001
  3.1610501e+000  1.0000000e+000  1.8441580e-001 -1.2144703e+000 -8.5704857e-001
  2.0366243e+000  1.0000000e+000 -7.7143805e-001 -5.8024641e-001  9.2067331e-001
  2.4594012e+000  1.0000000e+000 -5.7847576e-001 -1.3987979e+000 -9.0004283e-001
  1.4778721e+000  1.0000000e+000 -2.5581542e+000 -8.1498578e-001 -5.0814625e-001
  7.8651079e-001  1.0000000e+000  6.4106244e-002  1.9760716e-001  7.3695672e-001
  2.4314739e+000  1.0000000e+000  2.7081683e-001  2.3376815e-001  6.4372236e-001
  1.3227644e+000  1.0000000e+000 -1.3916941e+000 -1.6369757e-001  1.1742982e+000
  9.9664387e-001  1.0000000e+000 -1.9966760e-001  8.6355325e-001  7.9381768e-001
  4.5334343e+000  1.0000000e+000  1.9074129e+000  1.3745412e+000  1.4918738e+000
  9.2548903e+000  1.0000000e+000  1.0890524e+000 -1.6031478e+000 -1.1848601e+000
  3.4746676e+000  1.0000000e+000  1.3245343e+000 -4.4848159e-001  4.7746307e-001
  7.9512156e+000  1.0000000e+000  1.6225891e+000 -9.3519340e-001 -7.0172443e-001
  3.0477076e+000  1.0000000e+000  1.0427971e+000 -1.2758967e-001  1.1307063e+000
  3.0892787e+000  1.0000000e+000 -8.0162134e-001  2.2759768e-001 -1.0691019e-001
  8.9778703e-001  1.0000000e+000 -1.3251612e+000  5.5941455e-001  2.2130304e+000
  3.3437966e+000  1.0000000e+000 -1.3673757e+000 -6.6582551e-001 -6.9259656e-001
  3.4442001e+000  1.0000000e+000  1.3327630e-001  7.7714205e-002  1.4366718e-001
  3.2737703e+000  1.0000000e+000  4.6934618e-001  2.4373901e-001 -6.3325809e-001
  2.6925853e+000  1.0000000e+000 -3.0704614e-001  6.7049303e-001 -8.8138818e-001
  2.3968372e+000  1.0000000e+000 -3.4860879e-001  1.1281090e+000 -1.4793738e-001
  2.2022896e+000  1.0000000e+000 -2.9892607e-001  1.0497277e+000 -3.7868433e-001
  8.3142744e-001  1.0000000e+000 -1.8931471e+000  2.2366386e+000  7.7539506e-001
  1.5879405e+000  1.0000000e+000 -1.8317571e+000 -1.9844970e+000  1.0711372e+000
  2.7618012e+000  1.0000000e+000  1.1358284e+000 -2.5161702e-001  3.5311718e-001
  6.2865146e+000  1.0000000e+000  1.2379181e+000  3.7590028e-001 -1.9755289e+000
  1.5440716e+000  1.0000000e+000 -6.7271780e-001 -8.0217540e-001  3.4897956e-001
  3.6175410e+000  1.0000000e+000  7.5069157e-002  7.0012451e-001 -8.8646163e-001
  3.0598993e+000  1.0000000e+000  7.0736200e-001  8.0642200e-001 -7.7473736e-001
  1.1526246e+000  1.0000000e+000 -2.8939730e-001  1.6790643e-002 -3.4974746e-002
  5.7291172e+000  1.0000000e+000  1.4626455e+000 -1.8454841e+000  1.2159424e+000
  1.9714985e+000  1.0000000e+000 -1.2074834e+000 -1.2133539e-001  9.0896139e-001
  5.6853890e+000  1.0000000e+000  1.2103981e+000  3.8053574e-001  1.3151097e-002
 -7.5559484e-001  1.0000000e+000 -1.1091314e+000 -4.1447938e-001  1.0754858e+000
  7.5695640e-001  1.0000000e+000  1.0691221e-001 -1.4280305e+000  1.3776737e+000
 -8.0501575e-001  1.0000000e+000 -7.4241489e-001  3.0764854e+000  3.9615488e-001
  1.0655374e+000  1.0000000e+000 -1.9653187e+000 -2.9355671e-001 -9.0070794e-001
  6.6307432e-001  1.0000000e+000 -5.7787802e-001  1.1134795e+000  1.1339224e+000
  4.1468470e+000  1.0000000e+000  5.5132452e-002  6.1262403e-001 -1.0265779e+000
  1.9408444e+000  1.0000000e+000 -5.5819931e-001 -1.4916347e+000  4.8347798e-002
  8.9656156e-001  1.0000000e+000 -3.1232303e-001  5.0525962e-001  1.0119615e+000
  1.5056716e+000  1.0000000e+000 -1.3843056e+000  1.5425909e+000 -8.2435944e-001
  1.4414468e+000  1.0000000e+000 -2.1251851e+000  2.2487927e+000  2.3876538e-001
  1.1783231e+000  1.0000000e+000 -3.7267318e-001  9.5028047e-002  1.2477385e+000
  4.5609790e+000  1.0000000e+000 -2.4758990e-001 -8.6614930e-001 -1.8494541e+000
  8.9784179e-001  1.0000000e+000 -1.6443660e-001  1.3183788e+000  4.1377430e-001
  6.3244856e-001  1.0000000e+000 -8.8798113e-001  5.1048412e-001 -1.0645877e+000
  2.3687668e+000  1.0000000e+000  1.1306897e-001  1.5518577e+000 -1.3284768e+000
 -2.8872718e-001  1.0000000e+000 -1.9661354e+000 -5.6332562e-001 -3.3916560e-002
  4.0084560e+000  1.0000000e+000  1.6331665e+000  8.4505778e-003  7.1921510e-001
  6.2582066e+000  1.0000000e+000  1.1901616e+000 -2.9924055e-001 -1.2055111e-001
  2.9992233e+000  1.0000000e+000 -6.3727754e-001  9.2904237e-001 -5.3372201e-001
  3.5268593e+000  1.0000000e+000 -2.3388960e-001 -1.7986556e-001  1.1662697e-001
  1.7671800e+000  1.0000000e+000  2.5744056e-001 -8.7078974e-001  6.3503506e-001
  9.7588338e+000  1.0000000e+000  2.9344576e+000 -7.6601371e-001  7.9636147e-001
  2.3402654e+000  1.0000000e+000 -4.8473118e-001  1.3446221e+000 -3.0236702e-001
  9.7259839e-001  1.0000000e+000 -8.6703971e-001  8.9576109e-002  1.2251008e+000
  8.1832417e+000  1.0000000e+000  8.7270916e-001 -3.5399355e-001 -1.5042210e+000
  1.9656140e+000  1.0000000e+000 -3.8278865e-001  8.3488913e-001  1.1648678e+000
  1.0358312e+001  1.0000000e+000  2.0181439e+000 -1.8951122e+000  3.4484899e-001
  4.6687828e+000  1.0000000e+000  4.1831385e-001  5.0581132e-001 -6.6541783e-001
  2.4650661e+000  1.0000000e+000 -1.3473856e+000  8.9751607e-001  2.7200113e-001
  9.2932787e-001  1.0000000e+000 -7.2809410e-003  2.2243338e-003  7.3507634e-001
  1.1350228e+001  1.0000000e+000  2.1755216e+000  3.1182867e-001 -1.0260516e+000
  1.0791376e+000  1.0000000e+000 -9.4553576e-001  1.8847206e+000 -1.0559021e+000
  1.4469076e+000  1.0000000e+000  1.5418424e-001 -1.4017880e+000  9.9456330e-001
  7.1717136e-001  1.0000000e+000 -5.6190750e-001  2.2235754e+000 -2.0382107e-001
  1.4899343e+000  1.0000000e+000 -7.4726660e-001  4.9606020e-001  1.1879205e+000
  1.5085148e+000  1.0000000e+000  1.9725967e-001 -1.7427106e-002  7.7168441e-001
  1.6902904e+000  1.0000000e+000 -6.6845360e-001  2.0555511e-001 -6.9131160e-001
  2.4630764e+000  1.0000000e+000 -7.4202284e-001 -9.2704791e-001  3.4606137e-001
  3.9975271e+000  1.0000000e+000  7.4839217e-001 -2.5867320e-001  1.1389383e+000
  2.3130214e+000  1.0000000e+000 -1.1963073e+000 -1.4131559e-001  4.5079464e-001
  3.8354907e+000  1.0000000e+000 -8.4029854e-001  1.1892790e-001  6.4960178e-001
  3.7630803e+000  1.0000000e+000  6.2977060e-001 -8.8945060e-001 -6.4916311e-001
  3.0484191e+000  1.0000000e+000  1.6842495e-001  7.3372230e-001 -1.3925734e+000
  4.8134189e+000  1.0000000e+000  1.0405218e+000 -3.1268149e-001  5.7756490e-001
  1.1410259e+001  1.0000000e+000  1.7078091e+000 -1.5617950e+000 -7.8918800e-001
  1.2839332e+000  1.0000000e+000 -5.5742032e-001 -6.3410212e-003  1.0075318e+000
  3.4716185e+000  1.0000000e+000 -5.7293325e-001 -1.6797402e+000 -5.6727385e-001
  2.8974946e+000  1.0000000e+000  8.0500214e-001  2.5309481e-001  1.5286886e+000
  3.2985816e+000  1.0000000e+000  4.3397621e-001  3.6140112e-001  1.7066926e+000
  1.8383001e+000  1.0000000e+000  1.4866184e-001 -1.9710916e-001  2.9923392e-001
  5.6342773e+000  1.0000000e+000  9.9142595e-001 -1.3272653e+000  2.9520543e-001
  2.4695995e+000  1.0000000e+000  2.5895836e-001  1.3144537e-001  1.4070703e-002
  4.6696131e+000  1.0000000e+000  5.2146504e-001  8.2463403e-001 -7.5895370e-001
  3.8388598e+000  1.0000000e+000 -4.0367998e-001  1.0835414e-001 -1.1963102e+000
  2.5609461e+000  1.0000000e+000 -9.0141062e-002  6.2684399e-001  4.0527599e-001
  2.5444391e+000  1.0000000e+000  7.9446465e-001  5.3385344e-001  7.4156115e-001
  2.0810139e+000  1.0000000e+000 -1.4619128e+000 -1.7796783e+000  2.2182577e-001
  9.8059199e+000  1.0000000e+000  1.4034486e+000 -1.1396199e+000 -5.1271764e-001
  2.9692380e+000  1.0000000e+000 -3.4733689e-001 -1.2828178e+000  2.9200502e-001
  2.2312000e+000  1.0000000e+000 -6.9474582e-001 -7.7198404e-001  1.8095521e-001
  5.5708114e+000  1.0000000e+000  5.0828215e-001  5.8219705e-001 -1.4887680e+000
  2.0426577e+000  1.0000000e+000  6.3820649e-001  7.3501960e-001  1.7060423e+000
  3.8095978e+000  1.0000000e+000  1.2127662e+000 -1.0257305e+000  7.5589349e-001
  1.6988566e+000  1.0000000e+000 -1.0582859e+000 -1.5638336e-001 -3.5550603e-001
  5.4454042e+000  1.0000000e+000 -4.1002747e-002 -1.2285032e+000  4.2336358e-001
  1.7594316e+000  1.0000000e+000 -1.5282496e+000  1.5349487e+000 -4.6429979e-001
  2.8937872e+000  1.0000000e+000  9.4546641e-001 -9.1322266e-001  2.3607138e+000
  8.4587190e+000  1.0000000e+000  2.2175791e+000  8.2434698e-001 -6.3752913e-001
  3.5370590e+000  1.0000000e+000  1.3139917e+000  7.2675843e-001  3.0870271e-001
  3.9583702e+000  1.0000000e+000 -2.2804393e-001 -6.2956235e-001 -4.8239483e-001
  3.9773634e+000  1.0000000e+000  1.6428983e+000  1.4855537e+000 -4.5519119e-001
  3.9266197e+000  1.0000000e+000 -8.9302573e-002 -7.6711790e-001 -3.1771606e-001
  5.9286902e+000  1.0000000e+000 -1.6793827e-001  3.9210603e-001 -9.2240603e-001
  7.7513979e+000  1.0000000e+000  2.3021551e+000  5.1957614e-001 -2.0731399e-001
  2.0385405e+000  1.0000000e+000 -8.6333754e-001 -1.2614355e+000 -7.5483868e-001
  6.0898320e-001  1.0000000e+000 -1.0544221e+000  8.3105695e-001  3.9863513e-001
  1.2369794e+001  1.0000000e+000  2.2319881e+000 -5.1526175e-001 -8.7755714e-001
  1.3718559e+000  1.0000000e+000  2.6983026e-001 -1.8000134e-001  1.7992688e+000
  8.5163393e+000  1.0000000e+000  4.0932800e-001 -2.2866632e+000 -1.3495900e+000
  1.2542092e+000  1.0000000e+000 -1.7884709e+000  8.7985918e-001 -1.2896992e+000
  2.2395359e+000  1.0000000e+000 -2.7558520e-001 -1.9270029e-001  3.0191671e-002
  3.8606112e+000  1.0000000e+000 -8.6243240e-001  1.2108800e+000 -6.8821492e-001
  6.1538999e+000  1.0000000e+000  7.7579427e-001  6.5171834e-001 -6.8781898e-001
  2.4765305e+000  1.0000000e+000  2.6159480e-001  5.7205538e-001  3.4826312e-001
  3.1767885e-001  1.0000000e+000 -1.1790882e+000 -1.8378141e+000  9.1430050e-001
  2.2701236e+000  1.0000000e+000  5.1368918e-002 -3.6363317e-001  8.5715070e-001
  3.3172773e+000  1.0000000e+000  5.6695622e-001 -7.6631009e-001  7.8013520e-001
  4.7689759e+000  1.0000000e+000  5.0981128e-001 -4.8220018e-001 -6.4305058e-001
  7.2210714e+000  1.0000000e+000  4.6083853e-002  1.6766501e-001 -2.8126062e+000
  1.0891513e+001  1.0000000e+000  2.7628276e+000  2.1406021e+000 -1.1660492e+000
  3.9037561e+000  1.0000000e+000  1.0308853e+000  6.4652240e-001 -1.1477685e-001
  3.2493162e+000  1.0000000e+000  3.4992700e-001 -8.4462910e-001  1.3223859e+000
  7.2564632e+000  1.0000000e+000  1.2360432e+000 -1.4118973e+000  8.8139020e-001
  3.8257204e+000  1.0000000e+000  1.5486556e-001 -1.3711023e-001 -1.0155420e+000
  3.5659875e+000  1.0000000e+000 -9.1722577e-001 -3.1225464e-001 -7.7524476e-001
  2.2415275e+000  1.0000000e+000 -7.9297645e-001  7.9231868e-001  5.3367101e-001
  1.4112907e+000  1.0000000e+000  9.7397441e-001  6.3432020e-001  1.0557893e+000
  1.8068723e+000  1.0000000e+000 -3.5217660e-001 -3.0786723e-001 -1.5860151e-002
  3.8814424e+000  1.0000000e+000  1.4958696e+000  8.9235291e-001  7.2855353e-002
  1.9180398e+000  1.0000000e+000  3.7867010e-001  1.0632908e+000 -1.9231462e-001
  2.8762741e+000  1.0000000e+000  9.9376747e-001  3.2944446e-001  2.7288543e-001
  6.9306336e+000  1.0000000e+000 -5.0793575e-001  8.2800755e-001 -2.1107245e+000
  4.3375361e+000  1.0000000e+000  1.1911336e+000 -8.4902381e-001  2.6946686e-001
  3.2093673e+000  1.0000000e+000  4.9715165e-001 -2.6547329e-001  2.6330953e-001
  3.4301852e+000  1.0000000e+000 -4.6725411e-001  5.4831562e-001 -1.1755331e+000
  6.8380649e+000  1.0000000e+000  1.1965064e+000  1.1513072e+000 -2.0275247e+000
  2.1255684e+000  1.0000000e+000  2.8235197e-001  1.7508198e-001 -4.9413370e-001
  1.9519289e+000  1.0000000e+000 -1.6070489e-001 -2.4837766e-001 -4.9601868e-001
 -4.4834966e-004  1.0000000e+000 -1.6556447e+000 -2.1339376e+000  1.5307089e+000
  2.0970011e+000  1.0000000e+000 -5.4355718e-001 -9.5874228e-001 -4.3857478e-001
  2.1847608e+000  1.0000000e+000 -5.5473531e-001  9.7422880e-001 -1.1200453e+000
  1.9554886e+000  1.0000000e+000 -4.2163709e-001  4.6168939e-001 -5.0939204e-001
  2.4779950e+000  1.0000000e+000 -1.6825006e-001  5.7265005e-001  1.6785009e+000
  2.4465824e+000  1.0000000e+000 -1.4026895e+000  1.4261786e+000  8.7680171e-001
  2.3285916e+000  1.0000000e+000  6.5889645e-001 -2.3629157e-001 -6.0177969e-001
  2.6581144e+000  1.0000000e+000  2.4373707e-002 -9.1023094e-001  5.4173752e-001
  1.3890156e+000  1.0000000e+000  2.0564097e-001  2.4311363e+000  1.2125036e-001
 -4.0612692e-001  1.0000000e+000  4.5161488e-001  8.1660016e-001  1.3998521e+000
  1.6390120e+000  1.0000000e+000 -2.9501716e-001  7.0560465e-001  1.1653056e+000
  6.3368406e+000  1.0000000e+000  1.7262592e+000  1.3460972e-001 -2.0618879e-001
  3.4231218e+000  1.0000000e+000 -6.2926701e-001  1.2720884e-001 -9.6825934e-001
  2.7167737e+000  1.0000000e+000 -5.2062999e-001  1.5695935e+000 -1.6336782e+000
  2.4387390e+000  1.0000000e+000 -4.8743499e-001  7.4523089e-001  1.6683567e-004
  3.6121715e+000  1.0000000e+000 -1.2681074e-001 -7.1250314e-001 -3.1601052e-001
  9.9292370e-001  1.0000000e+000 -2.0676917e-001  1.0757705e+000 -1.2979398e+000
  7.3924363e+000  1.0000000e+000  1.5781440e+000 -4.1258903e-002 -6.3515688e-001
  2.3706754e+000  1.0000000e+000 -8.3365901e-001  1.1479845e+000 -7.3559411e-001
  1.7474678e+000  1.0000000e+000  2.1146503e-001 -2.2401944e+000  2.1864120e+000
  2.6647590e+000  1.0000000e+000 -1.3630116e+000  4.6755163e-001 -6.4766578e-001
  4.3650685e+000  1.0000000e+000 -6.3824796e-002  4.4612319e-001 -1.7164414e+000
  2.5381012e+000  1.0000000e+000  2.3558011e-002 -6.0730402e-001 -2.2549607e-001
  2.0710645e+000  1.0000000e+000  4.9995590e-001 -8.4442929e-001  1.9517481e+000
  3.7999774e+000  1.0000000e+000  1.3908299e+000  9.2916312e-001  1.8237165e-001
  2.9617517e+000  1.0000000e+000 -6.8580941e-001 -1.9024177e+000 -1.5908290e+000
  2.9938064e+000  1.0000000e+000 -1.0379584e+000  7.6491464e-001  1.2377585e+000
  1.0539600e+000  1.0000000e+000 -1.2193279e+000  1.3073749e+000 -1.9711499e-001
  1.2514025e+000  1.0000000e+000 -1.5029361e+000  1.3482370e+000  9.9478371e-001
  3.6149424e+000  1.0000000e+000 -4.1809667e-001  1.2265751e+000  1.3359557e+000
  5.8867705e+000  1.0000000e+000  1.3325543e+000  8.4822787e-001 -4.4056966e-001
  2.2300650e+000  1.0000000e+000  6.6765333e-001  1.3190442e+000  2.3285388e-001
  1.6868121e+000  1.0000000e+000 -4.6460762e-001 -3.1577118e-001 -3.3295183e-001
  2.3682838e+000  1.0000000e+000  4.1114279e-001 -8.6192551e-001  2.0351702e-001
  2.5741678e+000  1.0000000e+000 -4.4610926e-001  1.6925232e-001 -3.3280430e-002
  3.1752874e+000  1.0000000e+000  8.6652719e-001  4.2685403e-001 -1.1590869e-001
  3.6248971e+000  1.0000000e+000  5.9916790e-001  5.0874711e-001  7.2432384e-001
  1.1779266e+000  1.0000000e+000 -1.3645839e+000 -3.5144005e-002  1.4632208e+000
  8.5766208e-001  1.0000000e+000 -1.3965320e+000  3.9014562e-001 -1.2235679e+000
  9.3704311e+000  1.0000000e+000  2.0490639e+000  1.7078713e+000 -1.3931613e+000
  3.9530440e+000  1.0000000e+000 -1.5063266e+000 -4.7893509e-001 -1.2828145e+000
  9.1365505e+000  1.0000000e+000  1.8275353e+000 -7.7989745e-001 -1.6576096e-001
  2.7266112e+000  1.0000000e+000 -1.0859685e+000  3.3799688e-001  7.6555908e-001
  5.2957789e+000  1.0000000e+000  9.9345916e-001  2.1767881e-001  1.5178625e+000
  4.1004664e+000  1.0000000e+000  2.7604834e-001 -6.3492042e-001  6.2201257e-001
  5.9429447e+000  1.0000000e+000 -4.0573745e-001 -1.0074299e+000 -1.8281790e+000
  1.5260553e+000  1.0000000e+000 -6.1503530e-001 -6.5443177e-001  1.6902773e+000
 -3.3598989e-001  1.0000000e+000 -9.2771196e-001 -6.7046497e-001  1.1305885e+000
  3.6603328e+000  1.0000000e+000  5.2086434e-001 -1.2012616e+000 -3.3041729e-001
  4.6639181e+000  1.0000000e+000  1.3491037e+000 -1.5484800e-001  7.7791980e-001
  5.2525161e-001  1.0000000e+000 -1.3372130e+000  2.9272010e-001  6.4530812e-001
  6.2522326e+000  1.0000000e+000  4.2086191e-001 -2.9025561e-001 -2.1938955e+000
  5.4616758e+000  1.0000000e+000  1.1966517e+000 -1.3192890e+000  8.1832833e-001
  4.2989359e+000  1.0000000e+000 -2.3127323e-001  6.4405870e-001 -7.5445378e-001
  1.1678749e+000  1.0000000e+000 -3.8158930e-001  1.5087485e+000 -1.5949627e-001
  4.2149968e+000  1.0000000e+000  9.7195680e-001  4.9992135e-001  7.8048302e-002
  8.7212908e-001  1.0000000e+000 -1.3027299e+000  3.9499687e-001  2.0618545e+000
  5.3130841e+000  1.0000000e+000  4.8663357e-001  1.9059030e-001 -1.7726660e+000
  3.7362069e+000  1.0000000e+000 -1.6436480e+000 -5.7701010e-001 -1.0745839e+000
  3.1893777e+000  1.0000000e+000  7.9411442e-001  8.5703490e-001  1.7561560e+000
  5.7563796e+000  1.0000000e+000  1.4736708e+000 -7.7476943e-001  5.6703051e-001
 -3.3644687e-001  1.0000000e+000 -8.2713499e-001  1.7286406e+000  2.0452346e+000
  4.8198315e+000  1.0000000e+000  9.1463864e-001 -2.5649751e-001 -8.8883718e-001
  1.7839083e+000  1.0000000e+000 -5.7602110e-001 -7.5881427e-001  7.0805135e-001
  2.9386143e+000  1.0000000e+000  6.9221718e-001  7.8873496e-001  2.8826162e-001
 -1.8133191e-001  1.0000000e+000 -6.3643649e-001 -8.5220906e-001  1.4475393e+000
  1.4666473e+000  1.0000000e+000 -1.4589339e-001 -1.4601408e-001  2.7574854e-001
  2.7582404e+000  1.0000000e+000 -5.6066814e-001  1.6417559e+000  7.8443588e-001
  1.3052419e+000  1.0000000e+000 -8.7586194e-001 -2.6180425e-001 -6.8185132e-001
  4.0443793e+000  1.0000000e+000  3.4508516e-001 -5.2187814e-001  3.3538808e-001
  3.4882373e+000  1.0000000e+000  8.1219535e-001 -3.2191281e-001  1.0682110e+000
  4.6442318e+000  1.0000000e+000 -1.9988055e-001 -1.2127277e+000 -8.8684026e-001
 -3.2713762e-001  1.0000000e+000 -7.7871731e-001  8.0595775e-001  5.9782766e-001
  2.4575358e+000  1.0000000e+000 -1.0156711e+000  2.1656311e-001  1.1321962e+000
  3.2477835e+000  1.0000000e+000 -1.8108739e-001 -4.6968856e-001  1.3848450e-001
  3.8638802e+000  1.0000000e+000 -1.0847455e-001 -1.5183778e+000  2.1999543e-001
  6.1479994e+000  1.0000000e+000  1.4739227e+000  1.2535738e-001 -3.0234271e-001
 -6.4621038e-002  1.0000000e+000 -9.4024052e-001  8.4838496e-001 -7.9773829e-001
  2.0510978e+000  1.0000000e+000 -1.9652463e+000 -6.1278867e-002  5.3689977e-001
 -1.3008249e-002  1.0000000e+000 -8.2870527e-001  2.0033963e+000  2.7595537e-001
  3.7695962e+000  1.0000000e+000 -5.3544317e-001 -4.0372131e-001 -1.2996553e+000
  2.8434289e+000  1.0000000e+000  1.2051246e-001  3.7815763e-001 -3.9700034e-001
  4.8554546e+000  1.0000000e+000  1.3121719e+000 -8.0817454e-001  1.4132871e+000
  3.6025898e+000  1.0000000e+000  4.6470585e-001 -1.2976229e+000 -4.1227393e-001
  4.8760024e+000  1.0000000e+000  1.1252284e+000 -2.0195665e-001  4.7421929e-001
  6.5394458e+000  1.0000000e+000  2.1304208e+000 -8.3171903e-001  1.0974269e+000
  4.2555454e+000  1.0000000e+000  1.2751996e+000 -4.7768901e-001  1.2394931e+000
  3.2891975e+000  1.0000000e+000  2.5910001e-001 -1.3922989e-001  1.1442680e+000
  1.2160419e+000  1.0000000e+000 -1.0570356e-001 -8.0876659e-001  4.3098426e-001
  3.7060394e+000  1.0000000e+000  6.3096917e-001  6.6929709e-001  1.1987757e+000
  1.6216910e+000  1.0000000e+000 -6.2668960e-001  1.6040346e+000  1.6992462e-001
  6.6695337e+000  1.0000000e+000  1.0399564e+000  9.3542692e-001 -1.8868268e+000
  4.1143337e+000  1.0000000e+000  4.4862534e-001  3.0054711e-001  1.1852801e+000
  2.6031772e+000  1.0000000e+000  2.2162000e-001 -9.7468975e-001  2.9427448e-001
  5.2670795e+000  1.0000000e+000  9.0167246e-001 -8.9646615e-001 -5.7796700e-001
  3.0167945e+000  1.0000000e+000  2.1778916e-001  5.5400333e-001  1.2316445e-001
  1.2153691e+000  1.0000000e+000 -1.7000107e-001  9.8947630e-001 -6.4401526e-001
  4.9474054e-001  1.0000000e+000 -8.4312149e-001  1.7521442e+000  4.3882770e-001
 -1.1107095e+000  1.0000000e+000 -1.1490384e+000 -5.1910236e-001  1.7807860e+000
  2.0269570e+000  1.0000000e+000  3.5565856e-001  1.1297104e+000  1.1630724e+000
 -4.9711447e-001  1.0000000e+000 -1.0340242e+000  6.3791695e-001 -5.7698941e-001
  4.7752687e+000  1.0000000e+000  5.0683008e-001 -5.0006432e-001  7.9192227e-001
 -7.8680413e-001  1.0000000e+000 -3.1019207e-001  6.2734545e-001  1.1837380e+000
 -1.3036503e-001  1.0000000e+000  4.6186321e-001  1.6675582e-001  1.3676787e+000
  2.8325052e+000  1.0000000e+000 -6.5050600e-002 -1.4596667e+000 -2.2171500e-001
  1.5213274e+000  1.0000000e+000 -1.2679190e+000 -1.9622589e+000 -9.5709950e-002
  4.1885308e+000  1.0000000e+000  1.5066629e-001 -1.9477639e-001  6.6653985e-001
  1.3144382e+000  1.0000000e+000 -3.5800541e-001  7.3080599e-001  2.6877842e+000
  1.9055788e+000  1.0000000e+000  3.8716566e-001  6.2574969e-001  3.4169590e-001
  4.3358830e+000  1.0000000e+000  4.2793391e-001 -1.0079346e+000  1.9384615e+000
  7.7335594e-001  1.0000000e+000 -4.5057057e-001  1.3049617e-001 -9.0490379e-002
  4.4808365e+000  1.0000000e+000  4.8520049e-001 -1.9859518e-001  1.3495161e-001
  1.7973585e+000  1.0000000e+000  1.6255426e-001 -1.9059593e-001  1.6034335e+000
  5.5081514e+000  1.0000000e+000  6.3651312e-002 -3.6148437e-001 -1.4492232e+000
  1.9211264e+000  1.0000000e+000 -1.5896167e-001  2.7489070e-001  1.6402905e+000
  2.0105781e+000  1.0000000e+000  1.1419870e+000  1.4536786e+000  1.5757346e+000
  1.9345147e+000  1.0000000e+000  5.6351631e-001 -2.0651589e-001  7.3611359e-002
 -1.5640035e-001  1.0000000e+000 -3.3101510e+000  2.6743681e-001  6.9443181e-001
  4.0702874e+000  1.0000000e+000  7.6690645e-001  2.6951638e-001 -5.3054996e-001
  1.4234216e+000  1.0000000e+000  4.3067544e-002  1.9856513e-002  7.2330150e-001
  3.8655491e+000  1.0000000e+000  7.4527174e-001  3.9428901e-001 -3.7278831e-002
  5.6901206e+000  1.0000000e+000 -1.6896970e-001 -1.6027516e+000 -1.7489955e+000
  9.2926263e-001  1.0000000e+000 -2.6323451e+000 -2.0065964e+000  7.6297456e-001
  5.1077092e+000  1.0000000e+000  1.5626239e+000 -2.1632090e-001  4.7048372e-001
 -4.8093763e-001  1.0000000e+000 -1.4711259e+000 -9.2894151e-001  1.8500926e+000
  7.9591464e-001  1.0000000e+000 -4.0897944e-001  3.1249281e-002  9.9106738e-001
  1.8625526e+000  1.0000000e+000 -7.4658812e-001 -7.4195300e-001 -8.6083640e-001
  2.0117202e+000  1.0000000e+000  1.2261340e-001  1.4993654e+000  8.8744535e-001
  3.3199484e+000  1.0000000e+000  7.6851050e-001 -9.5300309e-001  1.5659682e+000
  5.9359717e+000  1.0000000e+000  1.3541548e+000  4.4404197e-002 -2.9267062e-001
  1.4077356e+000  1.0000000e+000  1.2215051e-001 -8.1496850e-001  4.5313519e-001
  3.5568199e+000  1.0000000e+000  2.1657502e-001 -1.0207593e+000  3.7961937e-001
  5.6069392e+000  1.0000000e+000  1.6839163e+000  4.0955426e-001 -1.2290003e-001
 -1.0213962e+000  1.0000000e+000 -2.0609504e+000 -1.9494000e-001  6.0646236e-001
  5.9261607e+000  1.0000000e+000  7.0172936e-002  5.4875587e-001 -2.9760225e+000
  4.0581867e+000  1.0000000e+000  1.0454440e+000  1.3379957e+000  1.0804056e-001
  4.1007248e+000  1.0000000e+000  6.1900019e-001  4.7477344e-001  6.4292718e-001
  2.3922417e+000  1.0000000e+000 -2.9040837e-001  5.5701118e-001  7.5560236e-001
  3.9519802e+000  1.0000000e+000  5.7418814e-001  7.4249202e-001  2.4287649e-001
  8.3549856e+000  1.0000000e+000  2.1279251e+000 -1.0758782e-001 -3.0947569e-001
  3.3075344e+000  1.0000000e+000  7.2096295e-001  7.8718274e-001  3.9289176e-001
  3.5554212e+000  1.0000000e+000  6.6069262e-001  2.1596634e-001 -2.8442110e-001
 -1.2116454e+000  1.0000000e+000 -1.0785536e+000  2.8881987e-002  6.8114257e-001
  2.4891813e+000  1.0000000e+000  9.1592178e-001  7.4034033e-001  8.7052505e-001
  3.0478878e+000  1.0000000e+000  4.6036993e-001 -8.2053084e-001 -3.0906263e-001
  7.9697791e-001  1.0000000e+000 -1.3559229e+000 -1.5486818e+000 -1.0629602e-001
  6.9219743e+000  1.0000000e+000  1.4457498e+000 -8.8453553e-001  5.4721952e-001
  3.3996104e+000  1.0000000e+000 -5.6943068e-001  4.8148234e-001  5.2852323e-001
  4.5639579e+000  1.0000000e+000  6.5987444e-001 -1.7875229e-001  1.5057654e+000
  3.1588428e-001  1.0000000e+000 -1.2546076e+000 -2.1092214e-001  8.1342261e-001
  4.0524596e+000  1.0000000e+000  7.8144421e-001  1.0355304e-001 -4.6125279e-002
  3.6187549e+000  1.0000000e+000  5.7715288e-001 -9.1638244e-001 -5.9240157e-001
  2.2533043e+001  1.0000000e+000  3.0194010e+000 -1.8342177e+000 -5.9799263e-001
  4.1993967e+000  1.0000000e+000  1.1071275e+000 -5.5620999e-001  1.6394058e+000
  1.4802333e+000  1.0000000e+000 -5.8404752e-001 -2.3881477e-001 -4.6038232e-001
  2.8426873e+000  1.0000000e+000  9.4127805e-001  1.6365224e-001  1.8140757e-001
  3.3284033e+000  1.0000000e+000 -2.8940002e-001 -2.6457246e-001 -1.1269113e+000
  3.9664836e+000  1.0000000e+000 -1.5718457e-001 -1.0530464e-002 -2.0728923e-001
  6.5750118e-001  1.0000000e+000  5.7603468e-001 -1.8604214e+000  1.5999821e+000
  2.5639522e+000  1.0000000e+000  2.8132312e-001  3.0655120e-001  1.2438710e-001
  2.9787957e+000  1.0000000e+000  4.4896034e-002  5.5277573e-001 -3.7174379e-001
  1.6661896e+000  1.0000000e+000 -7.5680901e-001 -2.8069297e-001 -4.4886005e-001
  2.6764530e+000  1.0000000e+000 -1.1287526e+000 -5.4188262e-001 -1.3419666e+000
  3.8938086e+000  1.0000000e+000  5.8877745e-001  1.6283857e-001 -1.2174458e+000
  3.4617302e+000  1.0000000e+000 -1.6496385e-001 -6.6955708e-001 -7.4761060e-002
  4.0938771e+000  1.0000000e+000  4.9197675e-001 -3.9156288e-001 -2.1548067e-001
  4.3585521e+000  1.0000000e+000  5.6946539e-001 -2.5152324e-001  9.4740109e-002
  5.1174588e+000  1.0000000e+000 -3.2654514e-001  9.9619907e-001 -2.9732127e+000
  7.5547076e-001  1.0000000e+000 -5.3605487e-001 -1.0700575e-001  1.2345348e+000
  5.8574442e-001  1.0000000e+000 -1.9996607e+000  1.1268563e+000 -4.3327353e-001
  4.7721130e-001  1.0000000e+000 -1.3525540e+000 -1.0356476e-001  1.3814284e+000
  8.3474576e+000  1.0000000e+000  1.8285038e+000  7.0887191e-001 -1.3137953e-001
  3.8295772e+000  1.0000000e+000 -2.1819163e-001 -1.5062537e+000  7.5234221e-002
  5.1518971e+000  1.0000000e+000  1.7782848e+000  1.8503441e+000 -2.7645235e-002
  5.0228476e+000  1.0000000e+000  5.8362367e-001 -8.6743640e-001 -3.4375371e-001
  4.7397819e+000  1.0000000e+000  3.1309235e-001  4.0074957e-001  1.0390788e-001
  2.2087731e+000  1.0000000e+000 -6.9376026e-001 -2.4421203e-002  8.4635580e-001
  2.8310809e+000  1.0000000e+000 -5.1926042e-002  5.9053613e-001 -1.0609568e+000
  3.3205828e+000  1.0000000e+000  1.2793960e-001  1.9257664e-001 -8.3480254e-001
  6.7651927e+000  1.0000000e+000  7.2588324e-002 -4.8595247e-002 -1.9607590e+000
  3.1538399e+000  1.0000000e+000  1.3237860e+000  1.3320268e+000  1.0278910e+000
  2.2967093e+000  1.0000000e+000 -7.0286617e-001  4.4422004e-001 -4.5787808e-001
  7.7536947e-001  1.0000000e+000 -1.8418390e+000 -1.9919765e+000 -6.2694844e-001
  1.9641828e+000  1.0000000e+000 -2.1845206e+000 -6.8294495e-001  7.6206340e-001
 -2.6037856e-001  1.0000000e+000 -2.6276175e+000  3.2849814e-001  5.0424752e-001
  1.9953619e+000  1.0000000e+000  2.1926188e-001 -1.1409315e+000  2.2639639e+000
  7.9473178e+000  1.0000000e+000  1.8225499e+000  1.0244991e+000 -1.3807752e+000
  2.8138098e+000  1.0000000e+000  5.1548120e-001 -6.5904089e-001  5.1152811e-001
  2.4483050e+000  1.0000000e+000 -1.2720029e+000 -8.4598397e-001 -1.6600422e+000
  4.8065317e-001  1.0000000e+000 -1.9351260e+000  1.6668326e+000  1.8320090e-001
  1.6246502e+000  1.0000000e+000 -1.0614707e+000 -3.5782706e-001  1.2543550e+000
  3.8485311e+000  1.0000000e+000 -3.8021745e-001 -9.5588248e-001 -8.6708584e-001
  2.3240658e+000  1.0000000e+000 -1.6006135e+000 -8.9987618e-001  2.3094995e-001
  1.4970169e+000  1.0000000e+000  1.7027309e-001  1.1745545e+000 -4.2592677e-001
  3.1714096e-001  1.0000000e+000  5.8291016e-001  1.8405998e+000  1.2499057e+000
  7.2999035e-001  1.0000000e+000 -1.0365362e+000  4.6503708e-001  5.7716133e-001
 -2.2124209e-001  1.0000000e+000  4.1750872e-001  9.6586055e-001  1.7300466e+000
  4.3175679e+000  1.0000000e+000  8.8690776e-001 -1.6120773e+000  7.6925407e-001
  2.4287373e+000  1.0000000e+000 -1.1060771e+000  2.8049345e-001 -1.0216417e+000
  2.1296397e+000  1.0000000e+000 -6.5243542e-001 -2.1469372e-001  2.5114385e-001
  1.5996634e+000  1.0000000e+000  1.2267785e-001  1.2928034e+000 -8.5783377e-001
  6.9657397e+000  1.0000000e+000  1.0574470e+000 -1.9915061e-001 -1.3479297e+000
  1.0549226e+001  1.0000000e+000  2.3715612e+000 -1.9555164e+000  4.9242039e-001
  4.0405369e+000  1.0000000e+000  6.5700405e-001  2.2104083e-001  1.3669561e+000
  5.6954441e+000  1.0000000e+000  4.6684557e-001  8.7312681e-002 -1.5223651e+000
  4.3373808e+000  1.0000000e+000  4.1133966e-001 -1.0735711e-001 -1.0096035e-001
  3.7293349e+000  1.0000000e+000  6.1855291e-003 -4.6344551e-001 -3.2079581e-001
  2.0733849e+000  1.0000000e+000 -1.1059220e+000  1.9097484e+000 -9.4460785e-001
  3.7437751e+000  1.0000000e+000  7.4845055e-001  4.5660941e-001 -1.0101571e+000
  2.4813126e+000  1.0000000e+000 -6.6780243e-001  3.0167930e-001 -1.0553449e+000
  2.8306712e+000  1.0000000e+000 -2.4051624e+000 -1.6167165e+000 -1.1340241e+000
  1.0472094e+000  1.0000000e+000 -1.5550818e+000  4.9964240e-001  6.7312568e-001
  3.8474588e+000  1.0000000e+000 -9.8594604e-001 -1.3635933e+000  5.9327906e-002
  1.7810572e+000  1.0000000e+000 -1.1419467e+000  4.3623538e-001 -3.8407861e-001
  2.8994323e+000  1.0000000e+000  4.6739472e-001  2.4725653e+000 -6.9362896e-001
  2.5402270e+000  1.0000000e+000 -1.6135734e-001 -1.1445415e+000 -4.4151576e-001
  2.5834589e+000  1.0000000e+000  1.7200322e-001  4.3834223e-001 -2.9583853e-001
  2.4788693e+000  1.0000000e+000  7.2687700e-001  6.9807235e-001  1.6600246e-001
  5.9498626e+000  1.0000000e+000  2.1007588e-001 -4.3808861e-002 -1.6913287e+000
  8.1612990e-001  1.0000000e+000 -1.5204815e+000 -1.2792191e+000  7.6458657e-001
  2.4900433e+000  1.0000000e+000  1.3112409e+000  6.8055494e-001  2.5121684e+000
  1.4883140e+000  1.0000000e+000 -1.0215769e+000  1.0053597e+000 -1.8168830e-001
  3.5416721e+000  1.0000000e+000  2.3418912e-001 -1.0645645e+000  5.4976510e-001
  2.1763123e+000  1.0000000e+000 -1.1410660e+000 -1.8910395e+000  1.2735205e+000
  3.2239752e+000  1.0000000e+000  3.2982198e-001  3.9339527e-002 -4.5880779e-001
  1.3453550e+001  1.0000000e+000  1.5211687e+000 -8.1396296e-001 -2.5366744e+000
  2.5267717e+000  1.0000000e+000  1.2701745e+000  1.0728366e+000  5.6850732e-001
  5.5811000e-001  1.0000000e+000 -2.0821481e+000  1.6170318e-001  7.1557991e-001
  3.6903130e+000  1.0000000e+000  4.9443644e-001  1.6413365e-001  1.1608894e+000
  3.8445238e+000  1.0000000e+000 -3.3992426e-001 -4.8461875e-001 -3.3634344e-001
  2.9903394e+000  1.0000000e+000 -1.3688515e+000  1.3063790e-001  1.8820010e+000
  8.8681230e-001  1.0000000e+000 -1.2325187e-001  7.2825179e-001  1.1622661e-001
  1.5695532e+000  1.0000000e+000 -2.2400392e+000 -1.3581187e+000 -2.7445917e+000
  1.0141287e+000  1.0000000e+000 -2.1671081e+000 -7.2500035e-001  7.4938439e-001
  4.2822697e+000  1.0000000e+000  9.6802169e-001  5.5600196e-001 -4.9904963e-001
  6.8949907e+000  1.0000000e+000  1.6680064e+000 -7.7625672e-001  2.6701524e-001
  1.6054532e+000  1.0000000e+000  2.0181197e-001  1.2326701e+000  4.1065188e-003
  2.6577877e+000  1.0000000e+000 -1.1085751e-001  1.2310682e+000 -1.6622941e-001
  3.1839273e+000  1.0000000e+000 -3.9222438e-001  1.1710374e+000  1.9484660e-002
  3.2917260e+000  1.0000000e+000 -1.6982415e-003  7.7169774e-001 -9.2506009e-001
  2.6626022e+000  1.0000000e+000 -4.3071637e-001 -1.7329566e+000  1.0210987e+000
  6.8046433e+000  1.0000000e+000  1.6621627e+000  3.8384724e-001 -9.5969144e-001
  5.8621810e+000  1.0000000e+000  1.1568057e+000 -9.4351914e-001 -6.4221833e-001
  3.0414028e+000  1.0000000e+000 -1.6612663e+000 -5.4590456e-001 -2.4175387e+000
  1.7113343e+000  1.0000000e+000  2.5551372e-001 -5.4018585e-001  1.8216277e+000
  3.0544180e+000  1.0000000e+000 -1.2656597e+000  9.3956823e-001 -6.3418016e-001
  5.0225539e-001  1.0000000e+000 -1.3405024e+000 -2.2513756e-001 -1.1847952e-002
  4.2169562e+000  1.0000000e+000  4.6464029e-001  1.0348817e+000  9.4778313e-001
  3.3959367e+000  1.0000000e+000  3.6544676e-001  5.3002089e-001 -4.5334971e-001
  2.4187347e+000  1.0000000e+000  1.4550996e-001 -7.9808190e-001  9.9198684e-001
  7.1955866e-001  1.0000000e+000 -1.5908863e+000 -7.2695598e-001 -3.2071727e-001
  1.0969156e+000  1.0000000e+000 -4.9539761e-001  3.5544365e-001 -4.5101204e-001
  5.3027514e+000  1.0000000e+000  7.3366260e-001 -8.9009416e-001 -1.3933259e-001
 -1.5471973e-001  1.0000000e+000 -1.2897397e+000 -1.1633248e-001  4.6741511e-002
  1.7709655e+000  1.0000000e+000 -1.5585734e+000 -9.2049250e-001 -8.0016165e-001
  8.4483625e-001  1.0000000e+000 -8.4364846e-001  1.3220228e+000  1.0829201e+000
  6.7665413e+000  1.0000000e+000  2.0746494e+000  1.8421764e+000 -2.7147302e-001
  5.1702214e+000  1.0000000e+000 -8.3087284e-001 -1.6036725e-001  4.8115546e-001
  6.0547251e+000  1.0000000e+000  5.2401378e-001 -2.1611457e+000  1.9402270e-001
  1.5149410e-002  1.0000000e+000 -1.2879825e+000  9.2448668e-001  6.4792182e-001
  5.1843076e+000  1.0000000e+000  1.1976082e+000  1.5910842e+000 -1.4666591e+000
  1.9773677e+000  1.0000000e+000 -9.7391651e-001  1.3486253e+000  6.2028443e-001
  2.1943626e+000  1.0000000e+000 -9.9002133e-001 -6.1741862e-001 -1.0441578e+000
  2.7536531e+000  1.0000000e+000  1.3298173e+000 -6.9715805e-001  1.6279016e+000
  2.5727562e+000  1.0000000e+000 -1.4250461e+000  8.8801832e-001  2.7573850e-001
  8.4118028e+000  1.0000000e+000  1.7422101e+000 -1.0526829e+000 -6.9469560e-001
  2.8460624e-001  1.0000000e+000 -6.4755618e-001  2.7302270e+000  2.9592223e+000
  2.9013821e+000  1.0000000e+000  1.3284931e+000  1.4828134e+000  1.5980067e+000
  2.3470227e+000  1.0000000e+000 -2.2041792e-001 -2.5737684e-001  1.2028026e+000
  1.8103449e+000  1.0000000e+000  1.5097631e-001  1.1391360e+000  1.3067395e+000
  2.9669191e+000  1.0000000e+000  9.9586425e-001  6.0959868e-001  5.0745429e-001
  1.1375394e+000  1.0000000e+000  2.5757549e-001  1.5834358e+000  1.7904089e-001
  2.2106073e+000  1.0000000e+000 -3.1702949e-001 -8.6809462e-001 -1.2321520e+000
  4.4644505e+000  1.0000000e+000  1.1044940e+000  9.7096582e-001 -1.2224060e+000
  1.9399049e+000  1.0000000e+000 -2.0150900e-001  5.3243705e-001  4.0334414e-001
  7.3945232e+000  1.0000000e+000  1.6884106e+000  7.9329065e-001 -4.8395362e-001
  6.3376836e-001  1.0000000e+000 -1.1480280e+000  1.6790871e+000  9.9369712e-002
  1.0677188e+001  1.0000000e+000  9.5579519e-001 -1.0256469e+000 -1.7911776e+000
  2.6436720e-001  1.0000000e+000 -2.9530687e+000  5.4055045e-001  6.8762731e-001
  7.5343894e-001  1.0000000e+000 -1.9115576e+000 -7.3131352e-001  3.9315389e-001
  2.0958112e-002  1.0000000e+000 -2.2800749e+000  8.0968702e-001  2.1377712e-001
  4.7424431e+000  1.0000000e+000  4.6458914e-001 -2.1028038e+000  1.0870712e+000
  1.0184220e+000  1.0000000e+000 -3.1639292e-001  1.6632392e+000  7.4900671e-001
  1.6617679e+000  1.0000000e+000  5.4152519e-001  1.3700380e+000  1.3641176e+000
  2.8895187e+000  1.0000000e+000 -6.6304457e-002 -1.1004268e+000 -3.4304384e-001
  3.6232339e+000  1.0000000e+000 -1.6749326e-002 -4.6952868e-001 -9.4993424e-001
  4.3600312e+000  1.0000000e+000 -3.8042044e-001 -1.5281169e+000 -6.8114781e-002
  2.4820335e+000  1.0000000e+000  3.7729336e-001 -4.8782519e-001  8.2873922e-001
  7.0833824e+000  1.0000000e+000  1.3431673e+000 -5.4728607e-001 -1.0657065e+000
  2.4507137e+000  1.0000000e+000 -5.5109025e-002 -1.9639432e+000 -4.8876480e-001
  1.9891194e+000  1.0000000e+000 -6.0207861e-001 -5.2785660e-001 -2.4707556e-001
  7.2314530e+000  1.0000000e+000  1.1472840e+000  2.4706469e-001 -9.6885060e-002
  7.3542023e-001  1.0000000e+000 -9.3033149e-001 -9.4364674e-001  1.3871433e+000
  3.5290630e+000  1.0000000e+000  1.1490824e+000 -7.5388609e-002  1.5060959e+000
  3.6851139e+000  1.0000000e+000  1.1725904e+000  2.6600488e-001 -4.2757988e-002
  2.8688514e+000  1.0000000e+000 -1.5465448e+000  1.6038762e-001 -1.0647152e-001
  6.2001850e+000  1.0000000e+000  6.9721708e-001  6.8020954e-002 -1.6909064e+000
  2.6814040e+000  1.0000000e+000  9.7137672e-001  1.9898895e-001  5.6309394e-001
  4.7051951e+000  1.0000000e+000  4.1296029e-001 -5.0843105e-001 -8.8890564e-001
  5.7699174e+000  1.0000000e+000  2.1904118e-001  3.0059350e-002 -2.3641965e+000
  2.1851408e+000  1.0000000e+000 -1.0232361e-001  2.0721852e-001  9.9527403e-001
  8.1334729e+000  1.0000000e+000  1.2190483e+000 -7.5907396e-001 -1.2095448e+000
  8.6745370e+000  1.0000000e+000  6.8049946e-001  3.2238065e-001 -2.4687537e+000
  4.4719075e+000  1.0000000e+000  1.2915576e+000  1.8318530e-001  9.1952993e-001
  5.3425857e+000  1.0000000e+000  2.7174131e-001 -4.7071952e-001 -8.1980975e-001
  2.6007735e+000  1.0000000e+000 -5.6254943e-001  6.3524948e-001 -1.2334647e-001
  5.0056455e+000  1.0000000e+000  3.1554808e-001 -9.8145650e-002  2.0488750e-001
  2.9096296e+000  1.0000000e+000 -1.6402543e+000  4.2395878e-001 -1.2734497e+000
  7.4876609e-001  1.0000000e+000 -7.6156772e-001  2.0761041e+000  2.6161797e-001
  1.1582657e+001  1.0000000e+000  3.3310072e-001 -2.5603870e+000 -2.2232916e+000
  1.0697912e+001  1.0000000e+000  2.3284894e+000  4.2746734e-003 -5.1128629e-001
  2.9241232e+000  1.0000000e+000  8.7239303e-001 -1.1333296e+000  1.8383494e+000
  1.2257153e+000  1.0000000e+000 -1.2453034e+000  1.4656995e+000  1.6003660e+000
  1.4438341e+000  1.0000000e+000 -2.5153379e-001 -4.4902929e-001  1.2963901e+000
  2.5779098e+000  1.0000000e+000  9.5260798e-001  1.5836246e+000  9.2134209e-001
  5.7507997e+000  1.0000000e+000 -1.7722742e-001  2.9242124e-001 -7.4254398e-001
  7.1036138e+000  1.0000000e+000  1.4946487e-001 -1.5419476e+000 -1.6194323e+000
  2.0055707e+000  1.0000000e+000 -1.1185286e+000  6.7329074e-001 -2.6323649e+000
  2.2808762e+000  1.0000000e+000  9.7865712e-002  1.3184123e+000  8.1151473e-002
  4.1568477e+000  1.0000000e+000  5.6546458e-001  1.1593226e+000 -1.1326764e+000
  2.3481748e+000  1.0000000e+000 -6.5838860e-001 -9.3670521e-002  2.8658589e-001
  1.9741618e+000  1.0000000e+000 -4.7589954e-002 -1.5078221e+000  9.2246365e-001
  1.6601867e+000  1.0000000e+000 -2.2869545e+000 -8.2126420e-001  1.8586977e-001
  3.2586043e+000  1.0000000e+000 -2.3479867e-001 -1.0510285e+000 -2.8941534e-001
  1.0871363e+000  1.0000000e+000 -1.5136791e-001  1.4154884e+000 -4.9602801e-001
 -8.4700480e-001  1.0000000e+000  2.2848119e-001  7.9444550e-001  1.7486743e+000
  8.5081846e+000  1.0000000e+000  1.3921601e+000  2.7224443e-001 -1.5932351e+000
  3.6039085e+000  1.0000000e+000 -5.8614328e-001 -4.2575415e-001 -1.1318408e-002
  4.2990714e+000  1.0000000e+000  4.9348489e-001  3.4175148e-001 -9.6459913e-001
  5.1795644e+000  1.0000000e+000  1.1186938e+000  2.1532171e-001 -9.7962086e-001
  4.6524987e+000  1.0000000e+000  5.1369124e-001  6.0509916e-001 -4.6574304e-001
  2.3517073e+000  1.0000000e+000 -2.2072380e-001 -2.6121318e+000  1.8460327e+000
  4.7585949e+000  1.0000000e+000  7.8565985e-001 -5.3009388e-002 -3.4864955e-001
  1.6803710e+000  1.0000000e+000 -6.1913244e-001  2.0939839e+000 -9.2404494e-001
  4.2724009e+000  1.0000000e+000  1.5338274e-001  4.8301790e-001 -1.7095172e+000
  2.2699406e+000  1.0000000e+000 -1.4214411e-001  1.3692904e+000  3.2789546e-001
  6.5620282e-001  1.0000000e+000  1.6952147e-001  3.7923333e-001  1.3551986e+000
  2.2640949e+000  1.0000000e+000  1.8783870e-001  1.1555165e+000  1.6946264e-001
  4.1258178e+000  1.0000000e+000  7.5245990e-001 -3.5483265e-001  7.3624834e-001
  3.7817514e+000  1.0000000e+000 -6.9907553e-001  1.1418673e-001 -7.4733338e-001
  4.1310136e+000  1.0000000e+000  1.4622525e+000  9.2181319e-001  7.9645468e-001
  9.9510309e+000  1.0000000e+000  2.2434552e+000  3.3559928e-001 -1.2720532e+000
  4.7890810e+000  1.0000000e+000 -1.4348313e-002 -6.5786262e-001 -8.0910573e-001
  2.8475999e+000  1.0000000e+000 -1.2290769e-001 -1.1601904e+000  3.3398480e-001
 -6.2173537e-001  1.0000000e+000 -1.5522515e+000 -2.2712661e+000  1.2703991e+000
  4.8339964e+000  1.0000000e+000  6.7385971e-001 -3.8294334e-001 -1.0512217e+000
  1.1612577e+000  1.0000000e+000 -3.4301990e-001  1.6964429e+000  3.6489180e-001
  4.2227423e+000  1.0000000e+000  2.3912580e-001 -1.3474754e+000 -5.8753423e-001
  5.1749589e-001  1.0000000e+000 -1.4195277e+000  9.1215886e-001  7.4400012e-001
  2.0906234e+000  1.0000000e+000 -6.3014481e-001 -1.2321886e+000  1.4548348e+000
  3.8219916e+000  1.0000000e+000 -1.3071461e+000  6.3704768e-002 -1.0773421e+000
  3.1432434e+000  1.0000000e+000 -3.5140501e-001  1.1178393e-002  6.0298355e-001
  1.0125705e+000  1.0000000e+000 -1.0353014e+000 -2.1096457e-001  4.8828848e-001
  4.6429949e+000  1.0000000e+000  8.8237080e-001  1.5051122e+000 -4.1111894e-001
  2.5215692e+000  1.0000000e+000  5.9377976e-001  8.5060886e-001  3.5491451e-001
  3.0009465e+000  1.0000000e+000  8.9328702e-003  6.5654781e-001 -5.7244292e-001
  6.3721952e+000  1.0000000e+000  1.1034036e+000 -2.1967310e-001 -1.1633668e-001
  5.4876672e+000  1.0000000e+000 -3.2561288e-001 -2.0294029e+000 -6.5957418e-001
  3.3120948e+000  1.0000000e+000 -1.5758912e-001 -5.9566698e-001 -1.0169114e+000
  1.9843368e+000  1.0000000e+000 -1.2667491e+000  6.8566472e-001  8.0435187e-001
  2.0802738e+000  1.0000000e+000 -1.9572816e-001 -2.0512794e-001 -9.0504653e-001
  7.7826768e+000  1.0000000e+000  1.7698198e+000 -2.7644885e-002  2.6223640e-001
  4.1864083e+000  1.0000000e+000  1.7009783e+000 -6.9757415e-001  1.8541316e+000
  6.4059138e+000  1.0000000e+000  6.3141372e-001 -1.0856861e+000 -1.0854861e+000
  8.7608782e+000  1.0000000e+000  1.7643282e+000 -1.0029888e+000 -6.2774632e-001
  1.3682322e+000  1.0000000e+000 -4.8461398e-001 -5.4406136e-001 -3.2085232e-001
 -1.2689676e-001  1.0000000e+000 -3.6981057e-002 -2.6116648e-001  1.8229722e+000
  1.1875525e+000  1.0000000e+000 -6.8381700e-001  9.3557396e-001  2.1509945e-002
  3.2668524e+000  1.0000000e+000 -2.5421679e-001 -9.3148279e-001 -9.0277285e-001
  3.5153487e+000  1.0000000e+000  2.8552471e-001  1.4549753e-001 -9.2302454e-001
  7.8597809e+000  1.0000000e+000  1.0192394e+000 -1.2252903e+000 -8.4835655e-001
  2.4593674e+000  1.0000000e+000 -1.6516796e+000 -2.8307374e+000  1.5684770e+000
  3.2606134e+000  1.0000000e+000 -1.1113751e-001 -1.5181136e+000  1.4163136e-001
  2.1444992e+000  1.0000000e+000 -3.0779782e-001  1.0966620e+000 -1.1783103e-001
  3.3197807e+000  1.0000000e+000  7.2319831e-003 -1.2836504e+000  6.6962590e-001
  4.1377207e+000  1.0000000e+000  2.1455888e-001 -1.1949406e+000 -3.1578881e-001
  8.4307808e+000  1.0000000e+000  1.8271724e-001 -1.9174891e+000 -1.7040748e+000
  4.1159592e+000  1.0000000e+000  5.4978929e-001 -1.1147237e+000 -5.3814853e-001
  1.1377590e+000  1.0000000e+000 -7.2142495e-001 -1.1120716e-001  9.4734913e-001
  2.7413694e+000  1.0000000e+000  6.7567360e-001  7.2184358e-002  1.3908897e+000
  3.1976271e+000  1.0000000e+000 -2.2653763e-001 -9.8979929e-001 -4.5542098e-001
  2.6317847e+000  1.0000000e+000  1.0104403e+000  1.5838442e+000 -9.8762938e-001
  2.4393790e+000  1.0000000e+000 -7.9613517e-001  9.1919460e-001 -7.4630759e-001
  4.1491661e+000  1.0000000e+000 -3.2164854e-001  5.2574628e-001 -1.6005635e+000
  8.5414683e+000  1.0000000e+000  9.7718591e-001 -2.1376380e-001 -1.7196037e+000
  1.6556973e+000  1.0000000e+000 -5.0755722e-001 -5.6577783e-001  4.2421541e-002
  3.4670820e+000  1.0000000e+000  1.9627138e+000  1.4721686e+000  1.8931485e+000
  4.5815736e+000  1.0000000e+000  5.1941852e-001  9.9753343e-002 -1.3049693e+000
  3.3637352e+000  1.0000000e+000 -1.2250886e+000  7.3089676e-001  9.3246371e-001
  3.0517513e+000  1.0000000e+000 -2.6434423e-001  2.3617350e-001 -2.7016121e-001
