   7.1352090e-01
   1.6292325e-01
   6.5666994e-01
   3.3113538e-01
   6.4149335e-01
   8.5956097e-01
   5.6307926e-01
   7.1372430e-01
   4.4842904e-01
   4.5834352e-01
   5.7657213e-01
   4.7206465e-01
   5.2396245e-01
   8.3443802e-01
   5.2147147e-01
   5.3952533e-01
   6.1395829e-01
   3.8882364e-01
   6.6192209e-02
   4.6138350e-01
   7.4409355e-01
   3.4165088e-01
   6.0721880e-01
   3.3975606e-01
   4.1518220e-01
   1.0407455e-01
   7.3148283e-01
   1.4506953e-01
   6.8494646e-02
   3.7686957e-01
   9.0853813e-01
   9.9770340e-01
   1.1964585e-01
   4.3283608e-01
   2.4253670e-01
   4.7415056e-01
   4.6615449e-01
   4.3629827e-01
   3.7068550e-01
   6.9735027e-01
   6.5963923e-01
   6.2787320e-01
   6.9619481e-01
   8.2946903e-01
   2.0887331e-01
   4.4968934e-01
   3.0496886e-01
   8.7286082e-01
   9.0720154e-01
   4.2892775e-02
   5.6165482e-01
   1.1310457e-01
   6.5158417e-01
   6.7269324e-01
   9.1415396e-01
   8.3745469e-01
   2.1143912e-02
   4.3359170e-01
   1.9326968e-01
   8.4580715e-01
   9.3383227e-01
   7.0042440e-01
   2.0771653e-01
   7.7803021e-01
   1.6705364e-01
   6.3535431e-01
   3.4652974e-01
   8.1216827e-01
   9.1895387e-03
   5.1613399e-01
   3.7228717e-01
   1.4975029e-01
   7.9632306e-01
   4.5112430e-01
   4.2069862e-01
   8.3550830e-01
   4.1347020e-01
   4.8819628e-01
   4.3488508e-01
   2.0071202e-01
   2.4297555e-01
   2.0289066e-01
   8.5303698e-02
   3.0671343e-01
   9.7554571e-01
   9.0893378e-01
   7.5682275e-01
   8.4428115e-01
   6.2047476e-01
   1.1922923e-01
   4.1573561e-01
   2.3024695e-01
   6.9302826e-01
   6.4136811e-01
   5.4599095e-01
   2.0067678e-02
   8.1221702e-01
   7.7521632e-01
   9.5550193e-02
   9.8543144e-01
   3.9375850e-01
   3.1893489e-01
   4.7539382e-01
   9.9188633e-01
   9.5808826e-01
   6.5325605e-01
   6.4780021e-01
   5.5692554e-01
   6.9841114e-01
   4.1405659e-01
   7.8954039e-01
   3.5172617e-01
   4.9524850e-01
   7.5054100e-01
   2.0915250e-02
   2.6822985e-01
   4.1273297e-01
   7.2152882e-01
   9.5547466e-01
   2.7240280e-01
   7.5015828e-01
   8.3242213e-01
   4.2157105e-01
   5.4216191e-01
   6.7400413e-01
   1.7601092e-01
   3.3374802e-01
   4.6466429e-01
   7.0209405e-01
   7.8465703e-01
   1.8474490e-02
   5.5326621e-02
   5.7071153e-01
   9.8090007e-01
   3.3564701e-01
   1.5553927e-01
   8.4079282e-01
   8.3333668e-01
   2.3919296e-01
   3.6317813e-01
   4.8162497e-01
   6.1043804e-01
   2.5075773e-01
   4.8326806e-01
   8.4142685e-02
   4.4151551e-01
   8.2759321e-01
   2.1808315e-01
   2.6682477e-01
   8.4294408e-01
   7.2932500e-01
   5.2012776e-01
   8.1829937e-01
   8.1038484e-01
   5.1424263e-01
   2.8414079e-01
   2.6729383e-01
   7.3961392e-01
   6.0289786e-01
   9.3952126e-02
   9.9797371e-01
   6.5816803e-01
   4.5036396e-01
   4.0059540e-01
   4.0357272e-01
   4.8767040e-01
   6.7413098e-01
   2.1211156e-01
   6.9220642e-01
   9.2895341e-01
   4.4044504e-01
   5.6225205e-01
   6.7542042e-01
   8.3665111e-01
   4.2582363e-01
   8.4600131e-01
   2.2935700e-01
   5.9609405e-01
   4.4273557e-01
   8.0845869e-01
   2.6047022e-01
   4.8344969e-01
   2.8764876e-01
   5.1951685e-01
   2.5149718e-01
   7.5723157e-01
   7.1384051e-01
   6.8706600e-01
   5.4169713e-01
   2.2392247e-01
   2.0789447e-01
   7.4904060e-01
   8.3893080e-01
   6.8541119e-01
   4.4712399e-01
   2.1485823e-01
   8.3421767e-02
   3.1832078e-01
   4.1673045e-01
   5.2388017e-01
   8.4241716e-01
   6.3049473e-01
   6.0934921e-01
   1.7112378e-01
   4.3572657e-01
   1.5381241e-01
   2.5680380e-01
   4.4544321e-01
   8.9664916e-01
   9.0923785e-01
   9.5170900e-01
   2.3654268e-01
   2.0318925e-01
   2.6328926e-01
   1.9242830e-02
   8.8160715e-02
   4.9337317e-02
   8.9023790e-01
   8.4877333e-01
   8.6638391e-01
   8.1020989e-01
   2.3876675e-02
   3.5875244e-01
   6.2832155e-01
   6.8177957e-01
   2.7140173e-01
   6.4318002e-01
   9.2211233e-01
   8.0503542e-01
   3.2790343e-01
   7.7853205e-01
   7.2628048e-01
   2.8981887e-01
   5.3507949e-01
   7.0563130e-01
   5.0144923e-01
   8.4527532e-01
   4.6122101e-01
   3.1786217e-01
   4.4193444e-01
   7.1058693e-01
   6.2776085e-01
   8.5247923e-01
   4.0897420e-01
   1.5707021e-01
   5.6521843e-01
   6.4912181e-01
   7.9648581e-01
   3.5252065e-02
   7.4340443e-02
   5.0121482e-01
   8.2744744e-01
   2.3910891e-01
   3.2643187e-01
   4.7036836e-01
   8.4562246e-01
   4.2231304e-01
   1.1471871e-01
   4.0437647e-01
   9.1468643e-01
   1.4035080e-01
   6.9070017e-01
   4.6633549e-01
   6.2936184e-01
   4.6642713e-01
   9.9417325e-01
   9.8648013e-01
   1.1949174e-01
   7.2254961e-01
   8.5957516e-01
   9.8011960e-01
   1.0316721e-01
   7.8717555e-01
   2.0692411e-01
   7.2257202e-01
   3.5549730e-02
   7.9041023e-01
   4.8197384e-01
   6.4424529e-01
   8.4578597e-01
   5.1269373e-01
   9.4383834e-01
   7.2457655e-01
   4.9199554e-01
   6.1311190e-01
   1.2790233e-01
   1.9302407e-01
   3.7260257e-01
   3.6019389e-01
   9.3131456e-01
   3.1980652e-01
   3.5523835e-01
   7.0355571e-02
   1.5455117e-01
   6.4664057e-01
   2.0931881e-01
   6.4336277e-01
   6.5747057e-01
   3.4091410e-01
   9.5357341e-01
   1.8879065e-01
   8.7216278e-01
   9.4093831e-01
   1.5623508e-01
   4.9488438e-01
   4.6525336e-01
   2.8152395e-01
   6.8195738e-01
   9.2796092e-01
   8.8060840e-01
   7.2201262e-01
   6.3288003e-01
   4.0624416e-01
   4.0410787e-01
   9.8143307e-01
   1.0926648e-01
   6.9995153e-01
   1.2037195e-01
   1.4230155e-01
   6.5646817e-01
   8.7977696e-02
   9.9615394e-01
   1.2109719e-01
   5.4553449e-01
   2.7482716e-01
   1.0848298e-01
   7.3337071e-01
   6.8914185e-01
   3.4761669e-01
   6.5824662e-02
   2.2857022e-01
   7.2202983e-01
   3.7351805e-01
   4.3962763e-01
   3.0908370e-01
   9.8351119e-01
   9.3714678e-01
   4.4647365e-01
   2.5194992e-01
   9.1187857e-01
   7.2621472e-01
   1.8180025e-01
   8.1434585e-02
   1.3457298e-01
   9.7518962e-01
   2.7087343e-01
   5.9776026e-01
   9.0150648e-01
   5.3500776e-01
   9.7493578e-01
   3.7047478e-01
   3.1531357e-01
   3.8455242e-01
   9.9509822e-01
   6.8430249e-01
   2.1399435e-01
   8.4345240e-01
   6.3261449e-01
   1.7949216e-01
   8.2905163e-01
   5.5022219e-01
   5.1472693e-02
   8.5379759e-01
   6.6085850e-01
   2.1568234e-01
   7.1318433e-01
   9.0510469e-01
   7.0363857e-01
   9.6248548e-01
   8.3368303e-01
   5.9878932e-01
   2.3498083e-01
   8.0213559e-01
   5.2856138e-01
   6.2658187e-01
   7.3987762e-01
   5.6271655e-01
   5.2882881e-01
   3.0505502e-01
   9.4944449e-01
   9.3526661e-01
   6.5493401e-01
   1.7231679e-01
   2.1738940e-01
   6.5382998e-01
   6.7913722e-01
   3.8992779e-01
   5.2247079e-01
   3.9775867e-01
   4.5984947e-04
   1.6926632e-01
   4.7559922e-01
   6.4335433e-01
   6.2578416e-01
   2.7040047e-01
   1.3918612e-01
   6.7701010e-01
   2.2371571e-01
   9.9492135e-01
   5.0742594e-02
   9.8554872e-01
   9.7692846e-01
   4.7106217e-01
   3.2448580e-01
   7.5041697e-01
   6.8718009e-01
   5.8912785e-01
   4.9902683e-01
   6.8102857e-01
   6.0109592e-01
   1.1636369e-01
   9.5990642e-01
   7.4891262e-03
   4.6277466e-02
   5.2497810e-01
   8.1730114e-01
   2.6584114e-02
   7.9364706e-01
   6.9652121e-01
   1.9215973e-01
   9.0858657e-01
   6.8948041e-01
   6.4461017e-02
   5.6151970e-01
   1.2104926e-01
   8.3870427e-01
   2.1322410e-01
   5.2417473e-01
   3.5667720e-01
   4.9097591e-01
   5.1613781e-01
   4.2289657e-01
   5.1080765e-01
   9.6971201e-01
   6.9043946e-01
   1.8375566e-01
   8.7454331e-02
   2.7000636e-01
   9.5893844e-01
   6.3996966e-02
   3.7521851e-01
   7.4170339e-01
   9.4232014e-01
   2.6837227e-02
   4.7507250e-01
   8.6645365e-01
   2.7857467e-01
   5.2239271e-01
   6.8125260e-01
   8.8859428e-01
   3.1688307e-01
   6.6581368e-01
   4.3419117e-01
   5.1764198e-01
   4.8825086e-01
   3.1288748e-01
   8.9049610e-01
   7.7364188e-01
   6.2183477e-01
   7.9733319e-01
   3.5924045e-01
   3.9679312e-01
   6.5548532e-01
   4.9678449e-01
   1.5525022e-01
   1.5282687e-01
   6.4547877e-01
   2.2781632e-01
   5.9008231e-01
   3.1616755e-01
   3.0761092e-01
   2.4175158e-01
   7.5051996e-01
   6.4613279e-01
   1.3449852e-01
   4.0060485e-01
   3.6098539e-01
   7.5593749e-01
   5.3683691e-01
   4.1211842e-01
   1.0790757e-01
   2.0695990e-01
   8.8396388e-01
   8.3813196e-02
   9.9627032e-01
   7.2894829e-01
   6.0131773e-01
   1.6707326e-01
   8.7685385e-01
   8.3148947e-01
   2.1873216e-01
   4.4331127e-01
   6.4836316e-01
   5.2424804e-01
   9.6947315e-01
   1.8440818e-02
   1.8626926e-01
   8.8586878e-01
   9.0133730e-01
   5.2914977e-01
   3.6746125e-01
   1.8402432e-01
   4.2971105e-01
   9.2757615e-01
   3.8115997e-01
   1.1481375e-01
   3.2052061e-01
   6.6571382e-01
   3.3701269e-01
   8.5309382e-01
   3.7269764e-01
   9.7051011e-01
   1.6809963e-01
   8.5492661e-01
   7.8731884e-01
   9.8240442e-01
   2.9700959e-01
   7.0050971e-01
   4.3214584e-01
   2.8875538e-01
   5.6059785e-01
   1.2696504e-01
   6.6859339e-02
   1.0349208e-01
   3.0007284e-01
   2.1567352e-01
   4.8343239e-01
   5.8593709e-01
   2.3459262e-01
   3.6747512e-01
   2.5051185e-01
   2.1055760e-01
   3.9785934e-01
   5.6891518e-01
   2.2918868e-01
   7.0305524e-01
   5.2243937e-01
   3.4776614e-03
   6.6701819e-01
   3.3096663e-01
   8.3521796e-02
   3.2980414e-01
   5.2857720e-01
   9.3809430e-01
   3.2467154e-02
   7.0421919e-01
   3.1115195e-01
   2.1482206e-01
   2.2773566e-01
   5.3576104e-01
   9.2079801e-01
   9.1986542e-02
   5.4429149e-01
   1.2514167e-01
   4.9612030e-01
   6.4720839e-01
   5.5395625e-01
   1.2865301e-01
   6.0678860e-01
   2.0675159e-01
   2.1392726e-01
   5.0025419e-01
   7.5417342e-02
   6.1849318e-01
   1.9557312e-01
   7.3339763e-01
   8.1859090e-02
   8.2457611e-01
   4.0071847e-02
   3.3104446e-01
   5.8914813e-02
   2.9074528e-01
   6.1066222e-01
   5.4844088e-01
   7.1215641e-01
   9.6294558e-01
   2.1345411e-01
   6.5842049e-01
   2.7265922e-01
   2.8295650e-02
   4.2358777e-01
   2.6306676e-01
   7.6429303e-01
   9.4898601e-01
   3.3362810e-01
   8.0713669e-01
   4.6431876e-01
   1.3914663e-01
   9.0935497e-01
   7.3847336e-01
   6.6362225e-01
   9.3723019e-01
   1.6379835e-03
   6.8793460e-01
   7.1734946e-01
   7.4789101e-02
   4.3686706e-01
   4.2670782e-01
   9.2301263e-01
   3.1359978e-01
   4.9363939e-01
   8.4974640e-01
   3.2973740e-01
   7.2081783e-01
   9.2592846e-01
   2.9143517e-01
   5.1798943e-01
   7.9402945e-01
   8.1950060e-02
   5.4230668e-01
   4.5697344e-01
   6.4243138e-01
   6.9816978e-01
   5.9864190e-01
   1.0164708e-01
   4.6577307e-02
   9.8987955e-01
   8.4590344e-01
   1.3954657e-01
   3.2920787e-02
   1.3212700e-01
   2.4933031e-01
   4.7145181e-01
   7.6130052e-01
   6.2733382e-01
   5.4883989e-01
   7.6445527e-01
   4.0992932e-01
   9.1604226e-01
   5.1279942e-01
   3.4982809e-01
   4.4763407e-01
   4.5963313e-01
   6.3490988e-02
   2.8515311e-01
   9.9968691e-01
   8.5040118e-01
   3.8001451e-01
   4.7278201e-01
   2.2031427e-01
   3.9184237e-01
   4.4637160e-01
   3.3274638e-01
   9.5141724e-01
   2.0559967e-01
   5.3636706e-01
   1.3671787e-02
   4.8509703e-01
   3.4999508e-01
   7.1159282e-01
   1.8074729e-01
   3.9986832e-02
   4.5869689e-01
   6.5523551e-01
   7.9930491e-01
   5.9397792e-01
   8.5529799e-01
   9.9795464e-01
   1.6772961e-01
   4.7013284e-01
   4.5081606e-01
   7.3362784e-01
   2.3363176e-01
   6.8752499e-01
   8.9528025e-01
   6.3112885e-01
   9.5676792e-01
   1.2105211e-01
   7.9512475e-01
   4.1728867e-01
   3.9598950e-01
   9.4303669e-01
   5.8145284e-01
   6.8326996e-01
   8.3086531e-01
   5.7635097e-01
   9.7921294e-01
   5.5299239e-02
   2.7895318e-01
   7.1833272e-01
   5.8772789e-01
   9.9932438e-02
   7.7702571e-01
   9.2072636e-01
   4.9090435e-01
   3.8247230e-01
   8.7781812e-01
   8.4493824e-01
   9.6894362e-01
   8.2274940e-01
   5.7846708e-01
   1.1240072e-01
   8.5844833e-01
   5.3669702e-01
   9.4925196e-01
   1.1365170e-02
   6.1601300e-01
   6.3245468e-01
   7.2118888e-01
   3.8543491e-01
   6.4614999e-01
   2.8552023e-01
   8.7723929e-01
   2.4383351e-01
   6.2130904e-01
   9.8999722e-01
   9.4956169e-02
   9.4736071e-01
   1.7003946e-01
   5.0296697e-01
   9.7959705e-01
   9.9430058e-01
   4.0178885e-01
   8.3923350e-01
   2.8523330e-01
   5.8261638e-01
   5.9652109e-01
   7.2389542e-01
   6.8165639e-01
   5.3731271e-01
   8.9037644e-01
   9.3298668e-01
   2.0816817e-01
   9.1211269e-01
   9.6584030e-01
   5.2664468e-01
   6.2374340e-01
   3.5527644e-01
   7.4248766e-01
   9.3297137e-01
   4.5529359e-01
   3.1106045e-01
   9.7950427e-01
   7.3184626e-01
   7.8590140e-02
   7.6322663e-01
   7.4391904e-01
   3.8862425e-01
   7.3651722e-01
   5.0527306e-01
   5.9196148e-01
   5.2266963e-01
   7.8341747e-01
   3.7847602e-01
   5.1690502e-01
   6.3476606e-01
   7.2964023e-01
   7.6530738e-01
   8.3682835e-01
   6.4975476e-01
   9.3263318e-01
   1.4286719e-01
   3.0198064e-01
   8.0013450e-01
   5.0321475e-02
   6.8433113e-01
   9.5595146e-03
   6.9745530e-01
   6.9458510e-01
   7.1443495e-01
   6.5240861e-01
   5.7596278e-01
   5.1452797e-02
   4.9810055e-01
   1.8914701e-01
   6.6812500e-01
   8.9367881e-01
   2.7689209e-02
   3.6322093e-01
   5.7806315e-02
   8.5984270e-01
   3.9593249e-01
   5.8534297e-01
   8.5024316e-01
   2.9319139e-01
   2.5480385e-01
   8.7843123e-01
   5.9097121e-02
   4.5415568e-01
   3.7301474e-01
   6.8470458e-01
   7.2011969e-01
   5.9204204e-02
   8.0799697e-01
   8.1898539e-02
   8.4128892e-01
   3.5217365e-01
   6.5775005e-02
   6.8761997e-01
   9.0105055e-01
   5.6912719e-01
   4.8089250e-01
   3.1303077e-01
   7.0440279e-01
   4.0888873e-01
   3.4578392e-01
   6.7054007e-02
   2.4782983e-01
   9.7058769e-01
   5.0357272e-01
   5.0200183e-01
   7.5101009e-01
   6.2206651e-02
   5.8749579e-02
   2.9521851e-02
   6.2223150e-01
   4.5705951e-01
   8.7452035e-01
   5.2300553e-01
   6.1961952e-01
   9.5954279e-01
   4.6510953e-01
   3.3645445e-01
   8.5759879e-01
   5.8850067e-01
   4.5878533e-01
   4.6413521e-01
   6.6943458e-01
   7.1534326e-01
   8.4784792e-01
   7.1277266e-02
   2.7343624e-01
   6.7193995e-01
   2.6858479e-01
   2.7032928e-01
   1.3442589e-01
   5.0550963e-01
   1.3045857e-01
   6.1675888e-01
   8.0462427e-01
   3.9560626e-01
   3.8756647e-01
   7.3974791e-01
   1.3874755e-01
   4.6554963e-02
   4.2059753e-01
   8.7703595e-01
   6.3139551e-01
   8.1497676e-01
   3.5920524e-01
   2.7043701e-01
   7.3550427e-01
   5.5406941e-01
   7.6742626e-01
   7.1750489e-01
   4.8605961e-01
   5.4526171e-01
   9.5619486e-01
   6.2138592e-01
   5.0656655e-01
   5.6661949e-01
   8.1499562e-01
   6.6374705e-01
   8.5443063e-01
   6.5243471e-01
   7.0441782e-01
   9.0027782e-01
   1.1391620e-01
   6.4137986e-01
   3.1675872e-02
   7.4507321e-01
   8.0164496e-01
   2.6542912e-01
   1.4375238e-01
   4.5683480e-01
   9.2365512e-01
   5.0691627e-01
   6.7496251e-01
   3.4978692e-01
   6.1270794e-02
   6.1516422e-01
   1.5129190e-01
   8.4201753e-01
   7.3765205e-01
   6.3721258e-02
   9.9281642e-01
   5.9407119e-01
   1.4510065e-01
   5.0497706e-01
   6.8429998e-01
   9.8264723e-01
   4.7666115e-01
   6.8463202e-01
   5.6356446e-01
   8.3810777e-02
   6.6548242e-02
   5.1970407e-01
   1.7197500e-01
   3.3203636e-02
   4.7256979e-01
   5.8609187e-01
   2.4248625e-02
   5.2484695e-01
   5.4437279e-01
   3.6192562e-01
   8.7978985e-02
   6.8476241e-01
   1.0123595e-01
   1.1670459e-01
   6.2699753e-01
   3.6499464e-01
   3.3248505e-01
   4.8028695e-01
   4.6963612e-01
   3.3881418e-01
   8.4503239e-01
   5.5554918e-01
   8.2655966e-01
   5.3493166e-01
   4.3200378e-01
   4.2294077e-01
   5.6783897e-01
   1.2712874e-01
   8.7879523e-01
   2.5627668e-01
   6.4079360e-01
   9.6150435e-01
   4.8827079e-01
   4.9216791e-01
   2.0816019e-01
   9.3550919e-01
   5.5265845e-01
   1.6579019e-01
   9.6266991e-01
   3.6586054e-01
   3.3610499e-01
   4.6596782e-01
   3.7063873e-01
   4.5146915e-01
   8.9785129e-01
   3.9138175e-01
   7.8959508e-02
   1.2950459e-01
   1.3430989e-01
   8.7469661e-01
   1.7186455e-01
   1.8346843e-01
   7.0108743e-01
   6.9627005e-01
   7.8567782e-01
   6.3446879e-01
   4.7967348e-01
   8.7460358e-01
   9.0976270e-01
   7.9522890e-02
   4.0216351e-01
   9.4636783e-01
   9.3468692e-01
   2.2276044e-01
   1.7487826e-01
   8.6133569e-02
   7.0971611e-02
   9.5174530e-01
   2.2910511e-02
   4.9669984e-01
   8.3464537e-01
   4.5863035e-01
   6.9618503e-01
   7.4601218e-01
   6.5372056e-01
   6.9625324e-01
   2.4846509e-01
   3.5315277e-01
   3.2282609e-01
   5.3829432e-01
   5.5488754e-01
   4.2269781e-01
   1.7533915e-01
   7.7350535e-02
   8.5985413e-01
   9.2730551e-01
   9.2585472e-01
   2.1466238e-01
   5.6489234e-01
   7.2236702e-01
   8.2248423e-02
   3.0550559e-01
   8.2400818e-01
   3.0162329e-01
   3.9236075e-01
   9.1696331e-01
   1.3184513e-01
   2.6569408e-01
   4.8393219e-02
   3.1855588e-01
   7.3357370e-01
   9.5532297e-01
   5.2355357e-01
   4.7134677e-01
   6.0992573e-01
   9.5446716e-01
   7.8007182e-01
   7.6597433e-01
   9.5313447e-01
   1.5495740e-01
   7.1406084e-01
   9.3265568e-01
   9.7080057e-01
   2.8074313e-01
   5.1713409e-01
   7.4971276e-01
   8.8557734e-02
   6.0648759e-01
   3.1862357e-01
   2.0134493e-01
   6.0663150e-01
   8.0338838e-01
   4.8501764e-01
   3.1541112e-01
   2.6099067e-01
   7.0847965e-01
   3.6884352e-01
   4.0976983e-01
   4.1204471e-02
   8.8107620e-01
   3.3002261e-03
   7.5955579e-01
   9.0553758e-01
   7.4185040e-01
   4.9363366e-01
   7.2620063e-01
   3.3563651e-01
   5.1509574e-01
   2.4792903e-02
   3.1591313e-02
   1.9397182e-01
   7.3940482e-01
   5.1123057e-01
   6.5003505e-01
   8.0522942e-01
   8.3779015e-01
   2.2095134e-01
   5.2263739e-01
   2.3856160e-01
   2.1736021e-01
   9.3479973e-01
   5.0868688e-01
   8.3462405e-01
   8.8896505e-01
   2.1572152e-01
   6.5055102e-01
   5.1395818e-01
   9.9466502e-01
   8.0320515e-01
   9.0131952e-01
   6.1390074e-01
   7.3136563e-01
   9.0977078e-01
   6.6262244e-01
   3.0193409e-01
   1.1499198e-01
   4.8704804e-01
   4.1772207e-01
   3.8791704e-01
   7.0669578e-01
   6.6252732e-01
   9.8525789e-01
   3.7827355e-01
   3.5876458e-01
   1.5250708e-01
   7.0040976e-02
   2.6260461e-01
   2.3618127e-01
   3.0929455e-01
   3.9541019e-01
   2.0222628e-01
   4.7286990e-01
   1.6610053e-01
   8.9280383e-01
   3.6063918e-01
   8.8552635e-01
   8.5353786e-01
   1.3304142e-01
   5.8330400e-01
   4.3431351e-01
   7.6189242e-01
   3.6707102e-02
   6.2834690e-01
   3.5270102e-01
   2.1572586e-01
   6.1900036e-01
   5.9656887e-01
   9.1136893e-02
   5.5914450e-01
   1.9084561e-01
   3.3826151e-02
   7.9295661e-01
   1.5348326e-01
   4.8857308e-01
   2.7790305e-01
   3.6578467e-01
   3.3917174e-01
   8.2244579e-01
   4.7056148e-01
   8.4389629e-01
   2.9658250e-01
   1.0578271e-01
   6.1605995e-01
   7.2751011e-01
   7.8694459e-01
   1.6050167e-01
   1.0332406e-01
   5.1441133e-01
   6.7065715e-01
   6.6501536e-01
   3.6527955e-01
   2.4759614e-01
   8.1542763e-01
   8.8572613e-01
   5.4584374e-01
   6.0655026e-01
   5.4002812e-01
   8.1437060e-01
   4.3528299e-01
   1.0836577e-01
   6.9748650e-01
   2.9513342e-02
   9.0752464e-01
   5.5603586e-02
   9.7987792e-02
   7.7407832e-01
   2.7328718e-01
   4.1562950e-01
   9.6005328e-01
   1.7175254e-01
   4.9577718e-01
   6.8109214e-01
   3.7368873e-01
   6.8926713e-01
   5.5500911e-01
   1.9901850e-01
   7.6965129e-01
   6.5294689e-01
   4.0537575e-01
   9.0693503e-02
   5.3375083e-01
   8.7647602e-01
   5.2766243e-01
   3.7701919e-01
   9.3554399e-01
   6.0501625e-01
   8.7866290e-01
   4.2051577e-01
   3.7017947e-01
   7.3362614e-01
   1.4668059e-01
   5.3038615e-01
   5.6727825e-01
   1.0470763e-01
   2.6299750e-01
   5.0991135e-01
   4.9332691e-01
   1.6890366e-02
   4.5224276e-02
   7.1609166e-01
   5.9321100e-01
   1.2396544e-01
   1.6017545e-01
   5.0549303e-01
   5.7048241e-02
   1.7649210e-01
   7.8926168e-01
   5.9101123e-01
   8.9901748e-01
   5.9956068e-01
   7.9527949e-01
   7.7656997e-01
   1.2410536e-01
   5.4763320e-01
   7.8094027e-01
   3.2396218e-01
   2.1296640e-01
   5.3397096e-01
   1.5780451e-01
   3.8791901e-01
   7.3134753e-01
   4.8025421e-01
   2.5300831e-01
   9.6127928e-01
   5.9338607e-01
   6.4203681e-01
   4.4556943e-01
   6.6003013e-01
   5.3347329e-01
   6.8716126e-01
   6.2436468e-01
   2.0921335e-01
   7.0956740e-01
   5.0141809e-01
   7.8303241e-01
   3.9824282e-01
   4.9807917e-01
   6.5472585e-01
   6.1129868e-01
   3.1124978e-01
   5.5852683e-01
   8.1637410e-01
   8.8319946e-01
   4.5995479e-01
   7.3140423e-02
   6.7589126e-01
   9.8076065e-01
   1.2688182e-01
   9.7575472e-01
   7.2156499e-01
   9.4908826e-01
   7.1718306e-01
   3.5826212e-01
   2.6472035e-01
   8.5157226e-01
   7.8010542e-02
   6.5502745e-01
   8.2225760e-01
   5.0468795e-01
   3.2685209e-01
   4.0458050e-01
   3.8106099e-01
   8.9176154e-01
   1.0734843e-01
   7.2491261e-01
   6.3601223e-01
   5.7564361e-01
   3.4931667e-01
   8.8859018e-01
   9.3950954e-01
   2.6968284e-01
   4.3584297e-01
   9.6305623e-01
   1.4368664e-01
   2.5282943e-01
   9.2749102e-01
   1.2405944e-01
   5.1160306e-01
   8.8384279e-01
   2.9942829e-01
   7.8194162e-01
   2.4266573e-01
   5.1439743e-01
   1.1255405e-01
   2.9748072e-01
   9.6552977e-02
   7.9265185e-01
   5.7358848e-01
   5.8789894e-01
   5.6961225e-01
   6.0185350e-01
   4.0823607e-02
   4.7653217e-01
   9.1310362e-01
   4.0355308e-01
   8.6451616e-01
   6.0739542e-01
   3.2450035e-01
   7.0420671e-01
   5.6914903e-01
   3.2006550e-01
   6.9195906e-01
   4.5588823e-01
   1.9811586e-01
   2.3078554e-01
   9.7920786e-01
   5.6967192e-01
   8.3621116e-01
   4.6955717e-02
   3.4415059e-01
   6.6676791e-01
   6.4788721e-01
   3.0018064e-02
   5.4285527e-02
   5.9099127e-01
   3.1698015e-01
   2.3655619e-01
   3.7850550e-01
   5.6009159e-01
   6.0466678e-02
   7.4577017e-01
   7.0641360e-01
   2.1418628e-01
   9.4592964e-01
   5.2042829e-01
   4.1447832e-01
   9.4311634e-01
   9.3007088e-01
   3.0240123e-01
   1.0453427e-01
   4.6191958e-01
   9.3347236e-01
   6.4444739e-01
   5.9335863e-01
   4.5431555e-01
   8.9448653e-02
   1.7913317e-01
   2.8029587e-01
   7.9457698e-01
   6.8235984e-01
   6.2385313e-01
   6.0576980e-01
   1.3251538e-01
   7.4327533e-02
   9.3850890e-01
   4.3143975e-01
   9.0480224e-01
   7.5456901e-01
   6.7127524e-01
   6.7744203e-01
   8.6636055e-01
   4.0722517e-02
   5.8052234e-01
   2.1233743e-01
   1.1956000e-01
   2.3512097e-01
   1.4281258e-01
   8.1612766e-01
   2.9041685e-01
   5.9772067e-01
   2.0340739e-01
   2.2518882e-03
   5.8291793e-01
   7.6718812e-01
   6.7921848e-02
   5.4039209e-01
   2.4071677e-01
   3.9764986e-01
   4.2261341e-01
   8.0340799e-01
   9.1499399e-01
   2.5760664e-01
   4.6749020e-01
   1.0825533e-02
   5.0609280e-01
   2.7307558e-01
   9.7758344e-01
   7.9999082e-01
   9.1923870e-01
   4.6469642e-01
   7.7297326e-01
   8.6389430e-01
   5.3854870e-01
   3.5445493e-01
   6.6244115e-01
   3.6188722e-01
   6.9309532e-01
   9.3097566e-01
   2.6271970e-01
   1.0184297e-01
   1.7884313e-01
   6.3949337e-01
   4.0636563e-01
   7.3924895e-01
   5.2928427e-01
   7.4565038e-01
   8.8511321e-01
   5.7955792e-01
   7.2503707e-02
   8.5804264e-01
   4.9320003e-01
   4.7468477e-01
   2.8972049e-01
   1.9567805e-01
   9.1196856e-01
   5.0327129e-01
   4.4782436e-02
   8.1623096e-01
   9.5642602e-01
   1.1504035e-01
   1.2736299e-01
   8.9241556e-01
   1.7339676e-01
   2.8637735e-01
   9.4866546e-01
   5.9977455e-01
   4.7464133e-01
   6.4792714e-01
   3.4924367e-01
   3.0055007e-01
   3.1236150e-01
   6.8207982e-01
   8.1517519e-01
   7.9283973e-01
   2.8563790e-01
   6.0557195e-01
   3.8921050e-01
   5.6550949e-01
   4.3406758e-01
   7.1163838e-01
   8.6747027e-02
   4.6859992e-01
   3.0822011e-01
   2.1278507e-01
   3.4856297e-01
   6.0731761e-01
   2.2748551e-01
   6.4154004e-01
   5.3816497e-01
   3.2090240e-01
   9.8401520e-01
   6.0562639e-01
   3.5881304e-01
   6.8664463e-01
   2.0385878e-01
   3.3319363e-01
   1.4129311e-01
   4.6529268e-01
   4.6074708e-01
   8.1651051e-01
   7.7693647e-01
   5.2845632e-01
   2.4521202e-02
   2.0479930e-01
   8.6904110e-01
   2.0688054e-01
   6.9245491e-01
   8.5470927e-01
   2.1840531e-01
   9.2848277e-01
   4.6145102e-01
   1.2611653e-01
   6.8316888e-01
   3.4206269e-01
   5.7628339e-01
   1.1010290e-01
   7.8708659e-01
   8.7203807e-01
   1.0822397e-01
   2.4569747e-01
   2.2507400e-02
   9.2676720e-01
   7.3363476e-01
   5.3029907e-01
   2.7663539e-01
   7.5809865e-01
   3.3659444e-01
   9.5974870e-01
   5.4226963e-01
   5.4033410e-01
   9.6541003e-01
   4.0958968e-01
   2.4714700e-01
   7.6251239e-01
   4.3050496e-01
   7.7453325e-01
   6.3837439e-02
   1.2039220e-01
   2.8294469e-01
   2.5782663e-01
   4.1246407e-01
   8.9869279e-01
   9.1768004e-01
   7.9519887e-01
   8.6600102e-01
   8.6321351e-01
   1.7295009e-01
   3.2500407e-01
   9.9472268e-01
   9.5110612e-01
   6.8094221e-01
   4.7569611e-01
   9.9475892e-01
   8.6559904e-01
   2.9066446e-01
   1.0561038e-01
   9.6632794e-01
   9.8624172e-01
   5.9413299e-01
   1.5955204e-01
   3.0868625e-01
   4.4139579e-01
   4.5748153e-01
   1.4919529e-01
   5.3006414e-01
   4.9577924e-01
   6.2276672e-01
   7.2725401e-01
   1.6556681e-01
   9.4425655e-01
   1.5266874e-02
   7.1328538e-01
   3.3280708e-02
   6.4738256e-01
   4.9358152e-01
   9.9005362e-01
   6.5015007e-01
   4.3714463e-01
   5.0075353e-01
   1.9308729e-01
   2.8096324e-02
   8.1102111e-01
   8.1591244e-01
   4.7742178e-01
   2.1692151e-01
   4.1549215e-02
   5.9271086e-02
   3.9473796e-01
   8.0206388e-01
   7.6964985e-01
   2.0817656e-01
   8.9590315e-01
   7.6545492e-01
   9.9853781e-01
   7.4563337e-01
   9.6497440e-01
   5.0358324e-01
   4.0481098e-01
   8.0493136e-01
   4.1874882e-01
   9.3445974e-01
   3.5371458e-02
   2.8051125e-01
   7.7548454e-01
   3.1540721e-01
   2.0210518e-01
   9.5495182e-01
   4.6994777e-01
   1.1190002e-01
   9.4959923e-01
   3.9801903e-01
   2.1576514e-01
   1.2394195e-02
   6.7038036e-01
   9.1401006e-01
   5.9286548e-01
   4.4643799e-01
   8.7282262e-01
   2.4964964e-01
   4.3595682e-01
   3.9976699e-01
   6.4259016e-01
   2.0884490e-01
   3.9642433e-01
   3.5643992e-01
   3.5193706e-01
   7.1540595e-01
   9.9996270e-02
   2.4832280e-01
   5.3565072e-01
   8.2675258e-01
   5.0897082e-01
   9.4239924e-01
   3.2967513e-01
   5.8202009e-01
   9.0387632e-01
   6.8834921e-01
   7.2896653e-01
   8.1657963e-01
   9.0267680e-01
   1.1342451e-02
   1.5328578e-01
   8.1450515e-01
   9.9723334e-02
   4.6795480e-01
   5.2893622e-01
   7.7591716e-01
   7.5414865e-01
   2.5104958e-01
   9.7880516e-01
   4.0529747e-01
   7.6517065e-01
   3.9096338e-01
   3.5162986e-01
   5.0260992e-01
   5.1287474e-01
   5.3540867e-01
   3.6302074e-01
   3.8105676e-01
   9.1409549e-01
   4.1682899e-01
   7.4004014e-01
   7.4954343e-01
   2.5111174e-02
   2.2842165e-02
   4.8152192e-01
   1.4320249e-01
   9.7810916e-01
   2.9133256e-01
   6.6142812e-01
   3.6557769e-01
   2.1396275e-01
   8.7016454e-01
   2.8479853e-01
   3.3635904e-01
   8.8263970e-01
   2.6671342e-01
   8.0263109e-02
   5.8291678e-01
   8.5358163e-01
   2.2255709e-01
   8.9645307e-01
   2.0927944e-01
   1.0876866e-01
   9.4578259e-01
   2.6375571e-01
   8.6528029e-01
   7.9892775e-01
   6.5151794e-01
   7.4399431e-01
   1.1010048e-01
   4.2354237e-01
   5.1364179e-01
   8.2624359e-01
   7.4881505e-01
   7.3951432e-01
   6.5268368e-01
   9.4953392e-01
   3.8411487e-03
   1.5001168e-02
   2.4356475e-02
   2.9019294e-01
   5.1127513e-01
   2.5134728e-01
   8.4631943e-01
   6.1021394e-01
   6.2108417e-01
   4.9604810e-01
   2.9884275e-01
   8.7175463e-02
   1.2754906e-01
   7.0334632e-01
   7.3849658e-01
   9.2691303e-01
   4.8846954e-02
   3.7762969e-01
   8.5846859e-01
   1.9405436e-01
   3.0863682e-01
   1.5140958e-01
   8.5920897e-01
   4.5942802e-01
   5.0108663e-01
   8.8517426e-01
   5.5207411e-01
   8.0007017e-01
   1.4699356e-01
   4.6637416e-01
   4.5616709e-02
   8.0284597e-01
   2.3168063e-01
   3.6596616e-02
   9.7032750e-01
   3.4097064e-01
   4.1357683e-01
   1.1661813e-01
   6.8851090e-01
   3.5713363e-01
   2.0499249e-01
   1.4120913e-01
   3.4793948e-01
   5.8397138e-01
   6.2230391e-01
   2.1128015e-01
   3.3471347e-01
   3.7862157e-01
   3.5650517e-01
   5.8905565e-01
   5.5596047e-01
   1.1600771e-01
   7.7136526e-01
   7.3412528e-01
   2.7847766e-01
   8.0920379e-01
   5.4079799e-01
   6.9893227e-01
   4.7495569e-01
   3.0446200e-01
   3.4187152e-01
   8.1871049e-02
   7.7113978e-01
   4.0577354e-01
   9.7826698e-01
   3.0704769e-01
   8.4093148e-01
   3.6505660e-01
   7.3716476e-01
   7.2332409e-01
   9.3367291e-01
   6.9805398e-01
   9.9735162e-01
   6.8542914e-01
   3.9948603e-01
   4.5739346e-01
   6.5968217e-01
   6.9369377e-01
   9.4019631e-01
   5.7160797e-02
   7.6844311e-01
   3.8945488e-01
   8.4314715e-01
   9.5506970e-01
   4.0317564e-01
   5.2932208e-01
   3.1358816e-01
   5.5377330e-01
   9.7668696e-02
   2.3494280e-01
   9.5262681e-01
   4.9133348e-01
   4.1869694e-01
   7.9144948e-01
   2.8156444e-01
   7.5851062e-01
   7.1502422e-01
   3.9808502e-01
   1.2895725e-01
   1.8730098e-01
   8.4083913e-01
   7.3871113e-01
   9.2823464e-02
   9.0422757e-01
   5.0125007e-01
   2.1715969e-01
   8.5453070e-01
   7.0374589e-01
   7.5326111e-01
   4.0378733e-01
   9.7918482e-02
   9.3608739e-01
   4.6073166e-01
   9.6552350e-01
   3.2029919e-01
   4.3515360e-01
   4.4436135e-01
   4.3665197e-01
   1.5147505e-01
   3.3666537e-01
   7.4737588e-01
   2.7840765e-01
   7.2709081e-01
   5.5151870e-01
   3.8972006e-01
   3.2975615e-01
   3.6807413e-01
   1.4443729e-01
   4.6397369e-01
   8.3808952e-01
   3.1081792e-01
   8.4351834e-01
   9.4247819e-01
   1.7426275e-01
   9.0335287e-01
   6.5326388e-01
   4.6583158e-01
   8.5464243e-02
   2.8071048e-02
   6.6143998e-01
   6.2162917e-01
   3.9411930e-01
   3.3770058e-01
   4.3459368e-01
   5.7881891e-01
   6.3080179e-01
   9.7169492e-01
   8.8261552e-01
   3.2581822e-01
   8.8789070e-01
   4.8315131e-01
   9.0272700e-01
   6.3261122e-01
   1.8338301e-01
   7.9026503e-01
   6.2565154e-01
   3.1243198e-01
   5.2460023e-01
   2.0273233e-01
   7.4093419e-01
   1.2462581e-01
   2.1879321e-01
   1.8876746e-01
   5.9531391e-01
   7.8298169e-02
   6.0881976e-01
   7.1648225e-01
   9.0437102e-01
   5.7210362e-01
   3.9514258e-01
   6.9238397e-01
   5.1650889e-03
   5.3018961e-02
   4.3197854e-01
   6.1527668e-01
   6.7062346e-01
   2.0919921e-01
   5.1305197e-01
   8.7197020e-01
   4.2671706e-02
   3.9274251e-01
   4.1192641e-01
   2.9134551e-01
   6.1041557e-01
   4.8033215e-01
   6.0259958e-01
   2.9556925e-01
   7.4396582e-01
   3.3903197e-01
   9.2428309e-01
   4.0172599e-01
   4.2762100e-01
   6.2544237e-01
   7.5688603e-01
   4.4017311e-01
   1.0351608e-01
   5.3066630e-01
   9.3290218e-01
   4.6714921e-01
   8.7284701e-01
   1.5919120e-01
   4.2019009e-01
   4.8260297e-01
   2.4174279e-01
   6.1238674e-01
   2.6477518e-01
   9.5426967e-01
   4.6419178e-01
   3.4051761e-01
   5.1900068e-01
   7.0623473e-01
   3.1230822e-01
   9.5006648e-01
   7.2410414e-01
   6.4343600e-01
   1.4432135e-01
   9.9999395e-01
   8.2386715e-01
   6.7885106e-01
   9.6309898e-01
   3.2306383e-01
   1.6691651e-01
   4.6740915e-01
   8.1076255e-01
   6.7231293e-01
   3.8650917e-01
   1.9683076e-01
   5.0494541e-01
   2.8238768e-01
   3.0437926e-01
   5.7712307e-01
   6.2888127e-01
   4.3144578e-01
   8.3291530e-01
   5.8642575e-02
   3.2028620e-01
   2.4551620e-01
   9.1903397e-01
   8.1321343e-01
   2.7759172e-01
   4.8886433e-01
   7.4298925e-01
   2.3428232e-02
   4.7411977e-01
   8.1760135e-01
   6.1383785e-01
   4.3625272e-01
   4.1713090e-01
   1.9122217e-01
   1.2394290e-01
   6.3726701e-01
   7.3934156e-01
   8.5896280e-01
   7.9548744e-01
   3.4602696e-01
   6.1234168e-01
   5.0514937e-01
   5.8492151e-01
   8.5148364e-01
   4.0603832e-01
   2.5935265e-01
   5.6244891e-02
   7.1814078e-01
   5.5051454e-01
   5.4332668e-01
   1.4041319e-01
   5.8360552e-01
   3.2379675e-01
   8.5301249e-01
   9.9642722e-01
   1.4742958e-01
   3.9844435e-01
   8.3264352e-01
   4.1969132e-01
   7.9445602e-01
   2.9668519e-02
   1.2935292e-01
   6.8216228e-01
   1.7260691e-01
   7.8025629e-01
   8.3345530e-01
   5.4883114e-01
   7.8089419e-01
   9.8283670e-01
   1.5611416e-01
   4.6026209e-01
   3.1300856e-01
   1.5944567e-01
   2.9916209e-01
   2.9903215e-01
   8.8130161e-01
   5.1198241e-02
   8.2580397e-01
   4.0141337e-01
   9.2293200e-01
   6.8284109e-01
   4.2439348e-01
   2.7414917e-01
   8.2134191e-01
   4.3878544e-01
   7.8458003e-01
   6.4576506e-01
   9.8321713e-01
   6.8627747e-03
   8.5818380e-01
   1.3499318e-01
   4.7596676e-01
   2.1670573e-01
   4.6820819e-01
   1.3191904e-01
   4.7162549e-01
   7.6739594e-01
   9.5607987e-01
   2.4360795e-01
   9.4211204e-01
   7.7350861e-01
   8.4595884e-01
   3.2509878e-01
   3.0894201e-02
   7.1007555e-01
   1.4184298e-01
   5.8082203e-01
   7.9968655e-01
   5.7401420e-01
   4.6372765e-01
   2.7592826e-01
   1.6228918e-01
   6.1639433e-01
   3.3333400e-01
   3.8626102e-01
   8.4299944e-01
   6.5494227e-01
   2.2438554e-01
   6.1347532e-01
   3.5857411e-02
   8.1597739e-01
   2.7162985e-01
   7.8642761e-01
   6.1698056e-01
   6.4647800e-01
   5.3144067e-01
   2.7321347e-01
   7.3580090e-01
   4.8105752e-01
   1.1237397e-01
   4.1889645e-01
   5.1362103e-01
   3.5411326e-01
   4.9836860e-01
   4.2775157e-01
   3.6373081e-01
   6.2996945e-01
   5.9596401e-01
   5.6419690e-01
   5.7376029e-01
   4.8485752e-01
   5.9224981e-01
   9.8754821e-01
   7.3085724e-01
   5.5684752e-01
   9.7439126e-01
   6.7849944e-01
   9.9774591e-01
   8.2573251e-01
   9.0253394e-01
   2.5164028e-01
   3.7070799e-01
   5.8965433e-01
   1.7001981e-01
   2.1528744e-01
   6.1672461e-01
   7.7284991e-01
   9.6479428e-01
   5.8991831e-01
   3.1987535e-01
   8.6349387e-01
   6.9876481e-01
   4.4878039e-01
   9.1087184e-02
   1.0886138e-01
   7.9912380e-01
   8.7839016e-01
   8.7803138e-01
   2.9651965e-01
   4.3795159e-01
   5.4547063e-01
   1.2059445e-01
   6.9767372e-01
   2.6543089e-01
   8.9779029e-01
   6.3730896e-01
   3.2159840e-01
   4.9403922e-02
   5.6706219e-01
   4.6539440e-01
   3.6945484e-01
   9.4251637e-01
   5.3466387e-01
   9.9707256e-01
   6.6913516e-01
   7.1886974e-01
   4.3621207e-01
   7.3235171e-01
   4.9705950e-01
   9.6384372e-01
   3.8087332e-01
   1.7469692e-01
   1.9993308e-01
   2.0624713e-02
   8.4154763e-01
   2.0748653e-01
   8.8985887e-01
   7.4748492e-01
   9.2338012e-01
   6.9934715e-01
   6.9321696e-01
   5.0230428e-01
   9.4071978e-01
   4.7124763e-01
   4.8042352e-01
   5.0756934e-01
   1.3027063e-01
   4.9564742e-02
   8.8416202e-01
   1.6690535e-01
   8.1097752e-01
   2.5989262e-01
   3.2622081e-02
   7.4968542e-02
   7.7143016e-01
   3.6885829e-01
   9.9508529e-01
   4.6987683e-01
   7.1001968e-01
   7.3311031e-01
   4.9930691e-01
   7.2872648e-01
   2.2909983e-01
   3.4823665e-01
   3.4760521e-01
   9.3367257e-02
   3.4121586e-01
   4.2678498e-01
   5.4010901e-01
   9.2358977e-01
   4.1349395e-01
   6.9723752e-01
   7.6945604e-01
   3.4509203e-01
   4.3835751e-01
   7.8173476e-02
   9.7281535e-01
   4.5313420e-01
   4.9163414e-01
   3.6853582e-01
   1.3440236e-01
   1.6770607e-01
   4.0963254e-02
   5.7939993e-01
   5.6453204e-01
   9.7135941e-01
   5.3119197e-01
   1.8562548e-01
   7.3714935e-01
   2.9624974e-01
   3.4649749e-01
   4.4811643e-01
   9.5152876e-01
   9.8785018e-01
   6.4559278e-01
   9.3125010e-01
   5.5105643e-01
   3.8404121e-01
   5.8763973e-01
   6.5780698e-01
   9.6193916e-01
   2.8158107e-01
   8.4249042e-02
   9.4374562e-01
   6.6283958e-01
   1.3096254e-01
   4.7475772e-01
   9.8623317e-01
   9.8975292e-01
   5.3024480e-01
   7.2439164e-01
   4.7258551e-01
   1.6848853e-01
   7.5730363e-01
   2.0963336e-01
   6.4021215e-01
   4.8794169e-01
   6.9123676e-01
   3.2515662e-01
   1.9347097e-01
   7.3520756e-01
   9.6573279e-01
   6.3177240e-01
   9.3827368e-01
   3.5159440e-01
   3.2334916e-01
   1.5204245e-01
   7.8298481e-02
   7.7130866e-01
   2.3587526e-01
   9.6641418e-02
   9.7409176e-01
   1.1750290e-01
   9.5892634e-01
   9.6558938e-01
   4.6211642e-01
   6.7266523e-01
   1.4620032e-01
   7.0073238e-01
   6.9657384e-01
   8.0424043e-02
   2.3687937e-01
   4.3291702e-02
   1.6907789e-01
   3.3488253e-01
   3.5693917e-01
   2.9108998e-01
   1.6795740e-01
   5.6498310e-01
   7.4850662e-01
   2.1968581e-01
   1.7017900e-01
   5.3465651e-01
   8.8667729e-01
   1.8660445e-01
   9.5742897e-01
   4.3722371e-01
   7.4778008e-01
   7.1518782e-01
   7.1551897e-02
   4.1526766e-01
   8.2541382e-01
   4.6584504e-01
   8.9075905e-01
   6.3585549e-01
   8.7127669e-01
   8.7268033e-02
   2.2946003e-03
   3.4747187e-01
   6.1659134e-01
   2.1215156e-01
   3.9021243e-01
   6.0721535e-01
   4.2711820e-01
   5.5122781e-01
   6.3832159e-01
   7.5445230e-01
   9.2498444e-01
   1.1517216e-01
   2.4328065e-01
   7.2157837e-02
   4.9128075e-02
   3.7481538e-01
   7.9759928e-01
   9.8632931e-01
   6.2538167e-01
   6.1642356e-01
   9.2277800e-01
   3.8151944e-01
   4.1700817e-01
   2.7038620e-02
   5.7058519e-01
   4.5557644e-01
   1.4739115e-01
   6.7927091e-01
   8.1487868e-01
   8.4912707e-02
   1.3466660e-02
   7.2621393e-01
   4.6903087e-01
   6.0147184e-01
   2.2390410e-01
   7.7301372e-02
   4.7378931e-01
   9.6664030e-01
   7.8805855e-01
   6.7222771e-01
   1.2887399e-01
   3.8625181e-01
   4.4325244e-02
   5.4550239e-01
   8.1529578e-01
   6.6639999e-01
   1.0314090e-01
   7.9101643e-01
   2.3574697e-02
   9.8915349e-05
   4.1550567e-01
   4.0308596e-01
   9.6391282e-01
   3.8079618e-01
   9.3463297e-01
   7.5203820e-01
   6.8232455e-01
   9.1660772e-01
   9.8674901e-01
   6.1757269e-01
   8.0834467e-01
   1.2983117e-01
   3.3479100e-01
   7.2374562e-02
   9.7023750e-01
   3.1629413e-01
   6.8795004e-01
   2.4641715e-01
   5.7499626e-01
   1.2940012e-01
   9.1347858e-01
   5.9738565e-01
   8.5714164e-01
   2.8175255e-01
   2.7021125e-01
   4.5626423e-01
   5.8667921e-01
   6.2729468e-01
   6.4070734e-01
   4.4763688e-01
   3.4405342e-01
   2.4859625e-01
   4.7768298e-01
   2.5137496e-01
   2.9761893e-01
   3.5332433e-01
   8.8679446e-01
   7.4632241e-01
   8.6971963e-01
   8.4529392e-01
   5.1058617e-02
   2.4047666e-01
   2.3642676e-01
   7.7270065e-01
   1.3876424e-01
   2.8387472e-01
   3.4578668e-01
   6.9614511e-01
   7.5634380e-01
   4.5536198e-01
   5.6934783e-01
   8.0875682e-01
   3.1436316e-01
   3.2944249e-01
   1.5936763e-01
   3.3896289e-01
   3.7187260e-01
   7.5521238e-01
   4.9403098e-02
   4.6324294e-01
   9.3074465e-01
   2.2685064e-01
   8.1115773e-01
   7.3725147e-01
   8.8475552e-01
   9.3145222e-01
   3.8422404e-01
   5.4986353e-01
   8.6406944e-01
   6.0701533e-01
   4.0040080e-02
   7.1218137e-01
   2.9208825e-01
   1.4835931e-01
   9.6477065e-01
   6.3486570e-01
   1.9517879e-01
   2.5869759e-01
   4.2693722e-01
   1.8555031e-01
   9.3042177e-01
   8.6188894e-01
   9.2976637e-01
   8.2273655e-01
   7.8917907e-01
   6.2033963e-01
   6.2129800e-01
   4.0251606e-01
   5.4704268e-02
   8.4778667e-01
   5.6612942e-01
   4.4932628e-01
   6.8930213e-01
   8.5357418e-01
   3.3095765e-01
   3.2238996e-02
   7.7900296e-01
   4.2549058e-01
   4.8480134e-01
   9.3222753e-01
   8.6906944e-01
   6.0238671e-01
   7.8668199e-01
   2.6028432e-01
   9.5500407e-01
   4.0857434e-01
   2.3462055e-01
   6.2509207e-01
   1.8821246e-01
   9.6795735e-01
   5.0927825e-01
   2.6371779e-01
   4.6520392e-01
   1.2432359e-01
   4.7814799e-01
   6.8898273e-01
   3.3528952e-01
   5.0700073e-01
   8.5943378e-02
   6.5738046e-01
   1.3465657e-01
   6.0992873e-01
   3.5310313e-01
   8.4789883e-01
   4.9597938e-01
   2.3794695e-02
   5.2324633e-02
   1.3539945e-01
   1.3626381e-01
   2.1072316e-01
   9.2023975e-01
   1.1405978e-01
   1.2200575e-01
   6.5551090e-01
   2.7901788e-01
   1.4111467e-01
   2.7705865e-01
   3.1441335e-01
   2.2599621e-01
   2.7547185e-01
   7.0722235e-01
   5.9198002e-01
   1.4078512e-01
   6.2378325e-02
   8.6559649e-01
   3.8032823e-01
   7.2670288e-01
   2.1077856e-01
   3.3041400e-01
   7.5588876e-02
   6.6634343e-01
   1.1369809e-01
   5.4491999e-01
   2.5512761e-01
   1.8157626e-01
   1.3601389e-01
   4.6994258e-01
   1.9880381e-01
   5.9077037e-01
   9.5733875e-01
   7.6084578e-01
   1.4055454e-01
   1.5373966e-01
   8.1529508e-01
   2.3706619e-01
   4.3372059e-01
   1.5618231e-01
   1.5747558e-01
   2.6034905e-01
   8.3835087e-01
   7.2211605e-01
   7.2279165e-02
   1.6117513e-02
   5.4117403e-01
   4.1944810e-01
   9.1788105e-01
   9.0604412e-01
   2.3921065e-02
   6.4034782e-01
   8.2978339e-03
   2.1175229e-01
   4.9600391e-01
   8.6691578e-01
   1.4552313e-01
   3.6983458e-03
   2.6545956e-01
   3.1062564e-01
   1.2769566e-01
   9.0431897e-01
   7.1674736e-01
   1.7703304e-01
   2.2800036e-01
   1.4771392e-01
   7.0099729e-01
   9.2665557e-02
   5.1023337e-01
   4.8949280e-01
   6.8455648e-01
   3.4846254e-01
   5.8260208e-01
   7.1480661e-01
   1.2848210e-01
   3.9727997e-01
   6.4635440e-02
   4.6272915e-01
   8.7650493e-02
   5.8578502e-01
   2.9866138e-01
   2.5350855e-01
   6.6562667e-02
   6.1757528e-01
   5.9101596e-01
   5.3204874e-01
   5.9703485e-01
   9.9442050e-03
   2.9879469e-02
   1.0459931e-01
   3.7933781e-01
   5.1833316e-01
   6.6655852e-01
   3.7295028e-02
   5.7920227e-01
   9.7479846e-03
   1.8493727e-01
   7.5284056e-01
   9.6394439e-01
   4.4901337e-01
   6.2408050e-01
   1.0566945e-01
   7.1995373e-01
   7.8117310e-01
   5.4723293e-01
   5.1055230e-01
   4.2557176e-01
   5.7121209e-01
   4.2578973e-01
   8.1051789e-01
   9.3053512e-01
   4.5506869e-01
   4.0089286e-01
   4.0713744e-01
   3.7954570e-02
   9.8063787e-01
   5.9109822e-01
   1.8461151e-01
   8.5868741e-03
   6.6456399e-01
   9.1237655e-01
   3.0946338e-01
   2.4152218e-01
   1.1481548e-01
   5.4533226e-01
   7.9445620e-01
   7.5986002e-01
   4.8068734e-01
   6.2185507e-01
   6.5299142e-01
   9.6969049e-01
   5.7695225e-01
   2.4596463e-01
   2.9185625e-01
   8.2157871e-01
   8.5685199e-01
   8.1875817e-01
   7.7005767e-01
   3.5091950e-01
   5.0664864e-01
   7.8316891e-01
   9.7891994e-01
   8.0673134e-02
   6.2997657e-01
   9.4498656e-01
   6.8302823e-01
   5.7967316e-01
   1.4953703e-01
   8.7356009e-01
   1.7447222e-01
   1.2389705e-01
   3.5850023e-01
   1.9428545e-02
   7.7097729e-01
   1.7564837e-01
   3.2147710e-01
   5.6937478e-01
   3.3339971e-01
   1.8049617e-01
   8.9336865e-01
   9.3565835e-01
   1.9303273e-01
   6.2732700e-01
   1.2838207e-01
   5.5998831e-02
   7.3235856e-01
   2.2855963e-02
   7.8965604e-01
   1.2733220e-01
   6.1751320e-01
   1.4664203e-01
   5.5651671e-01
   5.5010766e-01
   3.6897117e-01
   9.4116401e-01
   7.1638360e-01
   7.8338192e-01
   1.4513135e-01
   6.1806324e-01
   5.4833818e-01
   3.8162389e-01
   1.6233586e-01
   8.7675619e-01
   1.5843062e-01
   9.6346274e-01
   2.1118595e-01
   3.7637291e-01
   9.5832202e-01
   5.5337703e-01
   8.0804655e-01
   4.4448403e-01
   6.9256019e-01
   4.1126669e-01
   7.2323663e-01
   9.5764340e-01
   8.7986442e-02
   9.6082753e-01
   9.8337977e-01
   3.8503697e-01
   9.4859133e-01
   5.3388639e-01
   7.1363324e-02
   8.8352494e-01
   3.3032596e-01
   9.1349250e-01
   1.9740109e-01
   8.6599302e-01
   7.6764383e-01
   3.8860496e-01
   3.6795295e-01
   1.8381252e-01
   8.9196829e-01
   7.3916477e-01
   1.8264894e-01
   5.5750536e-01
   5.4437705e-01
   2.4598666e-01
   6.9600384e-01
   7.9524689e-01
   2.6899641e-01
   3.1043270e-01
   9.8840976e-01
   4.6721749e-01
   4.3282433e-01
   5.5282392e-01
   8.4210422e-01
   2.5170579e-02
   3.8150326e-01
   1.5101242e-01
   6.9497171e-01
   4.9411982e-01
   5.5684040e-01
   4.4863167e-01
   9.6354647e-01
   7.1004575e-01
   8.1966088e-01
   1.2295855e-01
   2.7517832e-02
   9.4756153e-01
   6.0873057e-01
   3.3848782e-01
   2.7056291e-01
   7.9284165e-01
   4.0882047e-01
   2.8772456e-01
   3.1030857e-01
   1.1946854e-01
   9.0136760e-01
   1.5864666e-01
   3.5659935e-01
   6.3997577e-01
   4.8711718e-01
   3.8839884e-01
   3.6228386e-01
   6.4802580e-01
   3.4994674e-01
   1.0755704e-01
   2.6929079e-01
   5.6557620e-01
   6.8238720e-01
   2.5656723e-01
   8.4038480e-01
   2.0434071e-01
   2.9367704e-01
   6.0288456e-03
   8.6857404e-01
   4.5074141e-01
   6.3738830e-01
   2.3217785e-01
   3.9531125e-01
   3.3892357e-01
   1.7728850e-01
   3.9678719e-01
   4.3559078e-01
   9.9026557e-01
   9.7006086e-01
   7.9928875e-01
   7.0978619e-01
   3.9554245e-01
   1.9587606e-01
   7.5995755e-01
   9.7516165e-01
   3.6389633e-01
   1.5521610e-01
   4.3573327e-01
   8.5406337e-01
   4.6576267e-01
   6.5813404e-01
   6.2254050e-01
   6.8576320e-01
   3.3580923e-01
   3.6347385e-01
   7.3813657e-01
   6.7541374e-02
   7.5474602e-01
   8.7232300e-03
   7.1090283e-01
   5.2500618e-01
   9.7996989e-01
   8.4027347e-01
   8.3473953e-01
   4.1964957e-01
   3.9914903e-01
   7.4418253e-01
   9.7977038e-01
   6.9347955e-01
   7.6128032e-01
   3.5078734e-01
   7.8312303e-01
   6.2327360e-01
   5.0874930e-02
   4.7573560e-01
   2.9756642e-01
   1.2160553e-01
   9.7368352e-01
   8.0651424e-01
   6.5217432e-01
   8.4431075e-02
   1.1334701e-01
   7.2519333e-01
   5.5589487e-01
   5.9203201e-01
   7.8589201e-01
   9.1883883e-01
   9.2850623e-01
   1.4012678e-01
   7.7516467e-01
   7.6092193e-01
   5.9180995e-01
   3.2541531e-01
   5.2273749e-02
   8.7347510e-01
   5.4871296e-01
   6.5388775e-01
   1.2777282e-01
   9.7623422e-01
   5.5902569e-01
   7.3662027e-01
   1.9496653e-01
   7.4352165e-01
   9.7655213e-01
   9.7943825e-01
   9.2132898e-01
   3.0038191e-01
   7.7455588e-01
   1.3592666e-01
   3.6795991e-01
   5.3365000e-01
   7.3493810e-01
   7.2068138e-01
   5.0918071e-01
   6.3835977e-01
   3.4730751e-01
   6.1707915e-01
   9.1610826e-01
   9.7913226e-02
   7.2165791e-01
   9.7073784e-01
   9.9223715e-01
   8.2904839e-01
   3.2328951e-02
   5.4817142e-01
   4.1383690e-01
   2.8786148e-01
   7.7285611e-01
   9.9364637e-01
   3.4599075e-02
   8.1478420e-01
   5.1928740e-01
   5.0354528e-01
   7.6432080e-01
   5.9862945e-01
   2.3671183e-02
   6.8228094e-01
   2.7718116e-01
   7.6401022e-01
   9.6599636e-01
   6.7641058e-01
   4.2904322e-01
   8.8783393e-01
   7.9503614e-01
   9.4969625e-01
   5.1083152e-01
   9.1388755e-02
   9.3544240e-01
   3.4472859e-01
   4.7911247e-01
   5.0012411e-01
   9.6148444e-01
   6.1502340e-02
   1.9836993e-01
   4.3635275e-01
   2.3502082e-01
   5.5386911e-01
   3.6079806e-01
   6.6077026e-01
   2.4329413e-01
   8.9341545e-01
   6.5996917e-01
   1.6729478e-01
   9.0867631e-02
   6.8947331e-02
   5.7201723e-01
   5.2384716e-01
   8.4335504e-01
   4.4771387e-01
   1.8611503e-01
   9.3514993e-02
   3.7131741e-01
   2.6154851e-01
   3.9720069e-01
   8.6783174e-02
   8.0357559e-01
   1.5119225e-01
   8.6642338e-02
   5.8340492e-01
   8.8885143e-01
   4.9501769e-01
   3.8994001e-01
   2.3077573e-01
   9.2595618e-01
   2.5779164e-01
   1.5381057e-01
   8.3210284e-01
   7.8333630e-01
   7.2613850e-01
   7.6747633e-01
   4.5153267e-01
   2.1429581e-01
   9.7983616e-01
   7.0764009e-01
   8.7136890e-01
   5.2285365e-01
   4.5293919e-01
   6.9718008e-01
   3.1362450e-01
   1.0945136e-01
   4.8293043e-01
   6.8009336e-01
   1.8853335e-01
   5.0900005e-01
   3.3162783e-01
   7.0627279e-01
   6.6686409e-01
   9.6311510e-03
   3.3510164e-01
   9.2524187e-01
   7.4102916e-01
   3.7315545e-01
   3.8163392e-01
   9.6756547e-01
   2.5034642e-02
   3.6287718e-01
   7.8194659e-01
   7.2576251e-01
   4.1631224e-01
   4.2922850e-01
   4.1435007e-01
   6.8927180e-01
   5.0210293e-01
   6.3602788e-01
   6.7090093e-01
   2.6599576e-01
   7.6287763e-01
   3.2868942e-01
   7.6169409e-01
   8.8384007e-01
   9.2455641e-01
   3.5285914e-01
   3.8860482e-01
   5.2991867e-01
   5.3228146e-01
   2.7026028e-01
   2.5148273e-01
   8.3994414e-01
   5.6199089e-01
   2.5889562e-01
   1.0538046e-02
   5.9563625e-01
   8.0321642e-01
   5.3115378e-01
   8.9815230e-01
   1.8449247e-01
   4.3903093e-01
   7.6475622e-01
   7.1987707e-02
   6.0614603e-01
   7.0401146e-01
   4.7950022e-01
   2.9719377e-01
   9.9097744e-01
   6.0040671e-01
   4.0487967e-01
   4.1672092e-01
   8.0339440e-01
   6.6326615e-01
   1.7488116e-01
   1.9679193e-01
   2.3048529e-01
   9.1116822e-03
   7.4801544e-01
   7.2722951e-01
   9.3583553e-01
   4.1297953e-01
   6.6867526e-02
   4.6466330e-01
   1.5410257e-01
   2.7223912e-03
   3.6390703e-01
   8.4266364e-01
   6.0541403e-01
   4.6005818e-01
   4.5219838e-01
   3.5398288e-01
   8.7468158e-01
   2.5012952e-01
   1.5562732e-01
   3.8921567e-01
   6.5492436e-01
   4.6637624e-01
   1.0897435e-01
   9.9275880e-01
   7.8405402e-01
   2.2336850e-01
   7.9867296e-01
   1.3360121e-01
   6.1155135e-01
   8.3215598e-01
   9.7543971e-01
   6.7109119e-01
   9.3901378e-01
   8.9237207e-01
   8.5902469e-01
   8.0102274e-02
   3.5871587e-01
   9.1241632e-01
   2.0701371e-01
   8.2386047e-01
   9.4462519e-01
   9.6277291e-01
   2.5971540e-01
   7.8081626e-01
   4.9267894e-01
   1.1208142e-01
   7.5702557e-01
   9.6136434e-01
   1.3190972e-01
   6.3371763e-01
   4.0482344e-01
   2.2364384e-01
   7.2926171e-01
   4.8188862e-01
   9.2800603e-01
   6.9788981e-01
   6.5239666e-01
   6.4849462e-01
   4.6450171e-01
   7.5757321e-01
   6.3038618e-01
   6.7782705e-01
   8.8156173e-01
   5.9398956e-01
   9.0939982e-01
   5.1047244e-01
   1.2901148e-01
   6.3408018e-01
   9.2032866e-01
   3.7744427e-01
   8.2829268e-01
   9.9067629e-01
   8.4682070e-01
   3.5825890e-01
   2.3095817e-01
   2.1039295e-01
   4.9622568e-01
   6.0028407e-01
   9.9796978e-01
   3.6443632e-01
   7.9916133e-01
   4.0090570e-01
   1.9204323e-01
   8.8568883e-01
   9.6438731e-01
   1.1887843e-01
   5.8505951e-01
   5.0699678e-01
   4.5836296e-01
   1.4366852e-01
   9.5913412e-01
   3.7305578e-01
   6.7552399e-01
   8.6103594e-01
   1.4943856e-01
   9.9502101e-01
   8.1169287e-01
   3.7726553e-01
   2.5668626e-01
   2.5817878e-01
   2.9935848e-01
   7.2480728e-02
   8.3783232e-01
   4.1807440e-01
   9.5171459e-01
   2.2236299e-01
   6.3560011e-02
   5.0947059e-01
   3.2194883e-02
   2.0518660e-01
   8.4787023e-01
   8.8579757e-01
   6.4063674e-01
   3.6531150e-01
   8.4268719e-01
   7.0637602e-01
   1.7633678e-01
   8.0574628e-01
   8.7064834e-01
   2.3514398e-01
   7.7644078e-01
   7.8892296e-01
   3.9440794e-01
   7.8404838e-01
   1.5588348e-01
   4.3324455e-01
   5.9074303e-01
   2.9594879e-01
   9.8437812e-01
   3.6550520e-01
   1.8552720e-01
   9.2579446e-01
   7.6482145e-01
   8.6160277e-01
   9.1474753e-01
   3.2147426e-01
   6.4583320e-01
   5.6094922e-01
   6.3577534e-02
   2.7630395e-01
   5.8989938e-01
   3.4668280e-01
   1.5979120e-01
   8.1356716e-01
   7.4895223e-01
   3.3552984e-01
   1.3690092e-01
   3.0718717e-01
   6.9386359e-01
   1.9587642e-01
   6.1510548e-01
   6.5721909e-01
   5.6721894e-01
   4.9945492e-01
   1.1909267e-01
   4.9223413e-01
   4.2563674e-01
   5.8403862e-01
   6.3614341e-01
   8.6067466e-01
   1.0094911e-01
   8.1912011e-02
   7.2269721e-01
   1.7296399e-01
   4.1901496e-01
   6.2241122e-01
   3.3289706e-01
   5.0854743e-01
   8.9000805e-01
   5.8735641e-01
   9.3529014e-01
   3.1113930e-02
   9.8282379e-01
   7.0616009e-01
   9.3639643e-01
   9.6666265e-01
   7.8878762e-02
   2.9548905e-01
   3.2351543e-01
   5.8801426e-01
   6.2920977e-01
   5.9300212e-01
   6.5500643e-01
   4.9690869e-01
   1.7412422e-01
   3.1991579e-01
   1.5509680e-01
   5.2658067e-01
   1.7765171e-01
   9.2902023e-02
   8.1890434e-01
   3.1274488e-01
   1.1029849e-01
   7.7426214e-01
   2.3718645e-01
   8.2821202e-01
   4.2621918e-01
   6.5145370e-01
   3.3675540e-01
   6.1744014e-01
   3.7041769e-01
   5.4460638e-01
   7.5423810e-01
   2.7924451e-02
   8.7731561e-01
   1.2434865e-01
   3.6513027e-01
   5.6040672e-01
   8.7986527e-01
   4.1395058e-01
   2.6545769e-01
   7.8563125e-01
   5.1394677e-01
   2.1818951e-01
   2.1874891e-01
   7.0773622e-01
   2.0523884e-01
   5.3458548e-01
   2.5623775e-01
   3.0795973e-01
   2.6536282e-01
   7.4408328e-01
   2.4346721e-01
   8.7441311e-01
   9.7966912e-02
   3.0371229e-01
   2.2745024e-01
   2.5146573e-01
   5.5194271e-01
   2.3725864e-01
   7.3095658e-01
   2.0918659e-01
   2.2788504e-01
   5.9817237e-01
   3.2517207e-01
   7.4268745e-01
   2.2859593e-01
   4.3260625e-01
   1.1842650e-01
   1.4351183e-01
   9.8256847e-01
   7.0385133e-01
   9.9805920e-01
   6.8868657e-01
   4.7086141e-01
   4.9471281e-01
   6.9521791e-01
   7.8713105e-01
   4.0556028e-01
   3.0510865e-01
   7.8423087e-01
   7.7721027e-02
   3.7995709e-01
   4.7975192e-01
   1.8349245e-01
   4.8877384e-01
   3.9100756e-01
   9.8367741e-01
   7.9224729e-01
   1.3238430e-01
   8.1976957e-01
   3.7183017e-01
   7.3208695e-01
   1.3027432e-02
   1.3755045e-01
   4.3141867e-01
   5.9958646e-02
   8.2686465e-01
   5.2578618e-01
   4.3406195e-01
   5.6883291e-01
   1.4554037e-01
   9.5028398e-02
   7.7803742e-01
   9.3949613e-01
   3.9330745e-01
   2.6719324e-01
   1.4912539e-01
   7.1308792e-01
   6.8403688e-01
   6.2229069e-01
   6.9919104e-01
   9.9180085e-01
   3.3842800e-01
   8.3488907e-01
   8.2646998e-01
   3.7350829e-01
   7.7779426e-01
   6.9179692e-01
   7.0134842e-01
   2.7920466e-01
   5.0139529e-01
   1.9513648e-01
   3.5421159e-01
   6.8655351e-01
   4.1926240e-01
   5.6381277e-01
   4.4151391e-01
   1.7423719e-01
   7.0819675e-01
   6.1568697e-01
   5.2510173e-01
   2.0993778e-01
   7.8650032e-02
   8.7350689e-01
   1.2764691e-01
   9.0339475e-01
   1.5852908e-01
   7.6233503e-02
   8.8039144e-01
   7.6264769e-01
   2.2744690e-01
   2.0174115e-01
   6.3673639e-01
   9.2313404e-01
   4.9370004e-01
   5.0007273e-01
   2.4911347e-01
   4.4687320e-01
   9.6181314e-02
   1.3383332e-01
   9.3132905e-01
   9.7035357e-01
   8.5628504e-01
   5.2883105e-01
   5.7336931e-02
   3.5742045e-01
   2.0515807e-01
   2.7029848e-01
   9.5089833e-01
   2.6615001e-01
   4.0587513e-02
   1.3306530e-01
   2.0819332e-01
   8.6748730e-01
   8.2875410e-01
   7.1401845e-01
   4.7407633e-01
   6.0952613e-01
   8.8159279e-01
   8.5652965e-01
   7.5912197e-01
   3.6250244e-01
   5.0564121e-01
   5.8408141e-01
   9.3570958e-01
   5.2603452e-01
   1.3291684e-01
   7.4999502e-01
   7.0336226e-01
   5.8158608e-01
   9.4411071e-01
   2.4914441e-01
   5.1055861e-01
   6.3666021e-01
   5.1364269e-01
   8.5691733e-01
   9.5026836e-01
   2.1789482e-01
   9.2677832e-01
   9.6593358e-02
   1.3366850e-02
   4.1366888e-01
   1.2173886e-01
   9.1598557e-01
   6.8506260e-01
   9.1947968e-02
   3.7279072e-01
   2.7931358e-01
   2.1933824e-01
   5.1263089e-01
   9.1723336e-01
   2.7516838e-01
   4.9659595e-02
   7.0497425e-01
   2.4308250e-01
   6.1164671e-01
   5.8604973e-01
   3.5158533e-01
   2.8425542e-01
   6.2551901e-01
   9.5706354e-01
   4.9835874e-01
   2.5894411e-01
   2.3378332e-01
   3.8514931e-01
   9.1452240e-01
   4.3649064e-01
   4.6566607e-02
   3.7101571e-01
   2.4044334e-01
   5.9004656e-01
   8.0683141e-01
   4.4312283e-01
   7.2526449e-01
   4.7030389e-01
   9.9824324e-01
   6.2431561e-01
   6.2922293e-01
   8.7889021e-01
   5.3532344e-01
   8.1961661e-01
   9.4181950e-01
   2.8884397e-01
   1.1535436e-01
   1.3045064e-01
   4.4521590e-01
   3.5550622e-01
   1.8655864e-01
   8.2629799e-01
   9.6432636e-01
   7.5134687e-01
   3.9645935e-02
   7.4691094e-01
   6.9026050e-01
   1.2445706e-01
   6.4072747e-02
   9.0251004e-01
   5.9367288e-01
   5.3054969e-01
   1.6038692e-01
   3.4909395e-01
   5.5374252e-01
   6.9798960e-01
   9.8350404e-01
   1.1022454e-02
   7.0062085e-01
   5.4240710e-01
   6.3359593e-01
   3.1719688e-01
   1.5250514e-01
   1.0885191e-01
   4.7602681e-01
   1.3683107e-01
   4.8803979e-01
   5.7306011e-01
   9.3311731e-01
   1.1698522e-01
   5.1014938e-02
   9.6680388e-01
   8.8766660e-01
   9.6487669e-01
   6.7593524e-01
   4.2631167e-01
   7.1812075e-01
   6.7075637e-01
   5.2978551e-01
   6.3418791e-01
   3.9342294e-01
   2.1885168e-01
   8.9740357e-01
   1.5304161e-01
   8.5738300e-01
   4.4609423e-01
