   9.4011748e-01  -3.3705348e-01   5.1130348e+02   1.0000000e+00
   9.4033206e-01  -4.8572279e-01   4.9200396e+02   1.0000000e+00
   9.3754351e-01  -4.7694344e-01   4.9558877e+02   1.0000000e+00
   1.0699514e+00  -6.2336955e-01   4.6566962e+02   1.0000000e+00
   9.7201850e-01  -5.7978659e-01   4.9017416e+02   1.0000000e+00
   1.1380628e+00  -5.6255974e-01   4.7149513e+02   1.0000000e+00
   1.0099353e+00  -6.8362244e-01   4.6188705e+02   1.0000000e+00
   8.8449312e-01  -4.2829813e-01   5.1549707e+02   1.0000000e+00
   9.6463018e-01  -3.7276798e-01   5.0059814e+02   1.0000000e+00
   1.0001172e+00  -4.5237360e-01   4.8927133e+02   1.0000000e+00
   9.5950623e-01  -4.4748780e-01   5.0088395e+02   1.0000000e+00
   9.3933702e-01  -5.4122534e-01   4.8976240e+02   1.0000000e+00
   1.0203742e+00  -3.9051063e-01   4.8473845e+02   1.0000000e+00
   1.0748802e+00  -5.3211196e-01   4.8628824e+02   1.0000000e+00
   1.1941244e+00  -5.5296007e-01   4.3463056e+02   1.0000000e+00
   1.0494456e+00  -3.2434544e-01   4.8395064e+02   1.0000000e+00
   1.0233202e+00  -6.2273145e-01   4.7729835e+02   1.0000000e+00
   9.7653162e-01  -5.8306939e-01   4.9203042e+02   1.0000000e+00
   1.0715243e+00  -5.3798535e-01   4.6894483e+02   1.0000000e+00
   1.0758818e+00  -4.6439633e-01   4.7380437e+02   1.0000000e+00
   9.9932855e-01  -5.2826328e-01   4.8327249e+02   1.0000000e+00
   9.1436298e-01  -4.5304468e-01   5.0924537e+02   1.0000000e+00
   9.5677001e-01  -5.8230451e-01   4.8931743e+02   1.0000000e+00
   1.0638617e+00  -5.0789079e-01   4.7374887e+02   1.0000000e+00
   8.9033148e-01  -4.5407649e-01   5.1393393e+02   1.0000000e+00
   1.0443401e+00  -4.7057459e-01   4.7194577e+02   1.0000000e+00
   9.5336994e-01  -4.2130561e-01   4.9941655e+02   1.0000000e+00
   1.0012786e+00  -5.5643649e-01   4.8658167e+02   1.0000000e+00
   1.0517554e+00  -5.4293311e-01   4.6801235e+02   1.0000000e+00
   1.0421174e+00  -5.0786837e-01   4.8374504e+02   1.0000000e+00
   9.8184902e-01  -4.6360940e-01   4.9295750e+02   1.0000000e+00
   1.0291924e+00  -4.8509431e-01   4.8305513e+02   1.0000000e+00
   1.1348787e+00  -5.4007355e-01   4.4730753e+02   1.0000000e+00
   9.8270018e-01  -4.8239061e-01   4.8143608e+02   1.0000000e+00
   1.0080240e+00  -4.9834464e-01   4.7718059e+02   1.0000000e+00
   9.8372452e-01  -4.6792458e-01   4.7869965e+02   1.0000000e+00
   9.4027427e-01  -4.4326320e-01   4.9997772e+02   1.0000000e+00
   1.0331889e+00  -5.8551748e-01   4.7781333e+02   1.0000000e+00
   9.3018809e-01  -3.8344959e-01   5.1160768e+02   1.0000000e+00
   9.6157830e-01  -3.9976421e-01   4.9667634e+02   1.0000000e+00
   1.0140572e+00  -4.2015587e-01   4.8279759e+02   1.0000000e+00
   9.4730429e-01  -4.9130663e-01   4.9905815e+02   1.0000000e+00
   1.1204034e+00  -5.6294696e-01   4.5162906e+02   1.0000000e+00
   1.0277811e+00  -5.8604033e-01   4.7388739e+02   1.0000000e+00
   9.8865457e-01  -5.2916756e-01   4.8228251e+02   1.0000000e+00
   1.0054750e+00  -5.7324333e-01   4.7600260e+02   1.0000000e+00
   1.0221469e+00  -6.5594416e-01   4.7652965e+02   1.0000000e+00
   1.0350228e+00  -5.2479702e-01   4.8568850e+02   1.0000000e+00
   9.3036276e-01  -4.8841492e-01   5.0754062e+02   1.0000000e+00
   8.8665723e-01  -4.4731520e-01   5.1058314e+02   1.0000000e+00
   9.6342987e-01  -4.7769315e-01   4.8915003e+02   1.0000000e+00
   8.9301050e-01  -4.7879990e-01   5.1262248e+02   1.0000000e+00
   9.2236568e-01  -5.3453973e-01   5.0872060e+02   1.0000000e+00
   1.0221882e+00  -4.8215613e-01   4.8892096e+02   1.0000000e+00
   1.0172926e+00  -5.0467419e-01   4.9051826e+02   1.0000000e+00
   1.0340370e+00  -5.2948655e-01   4.6552142e+02   1.0000000e+00
   9.7251166e-01  -4.6255315e-01   4.8847112e+02   1.0000000e+00
   1.1799365e+00  -5.2707987e-01   4.4711438e+02   1.0000000e+00
   9.8428796e-01  -4.3755641e-01   5.0826175e+02   1.0000000e+00
   9.4091404e-01  -5.3995213e-01   5.0341101e+02   1.0000000e+00
   9.9914203e-01  -6.0765635e-01   4.8807095e+02   1.0000000e+00
   1.0262024e+00  -5.4902657e-01   4.7555292e+02   1.0000000e+00
   1.0243846e+00  -6.2519055e-01   4.7939459e+02   1.0000000e+00
   1.0924013e+00  -5.7585678e-01   4.6320785e+02   1.0000000e+00
   1.0423401e+00  -5.2584767e-01   4.8006036e+02   1.0000000e+00
   1.0040398e+00  -4.7509651e-01   4.7642443e+02   1.0000000e+00
   9.1034803e-01  -3.3553771e-01   5.0578684e+02   1.0000000e+00
   1.0486389e+00  -4.5736249e-01   4.7465310e+02   1.0000000e+00
   9.4265496e-01  -3.0902821e-01   5.1591891e+02   1.0000000e+00
   1.0262541e+00  -5.2246981e-01   4.8735500e+02   1.0000000e+00
   1.0458306e+00  -4.4311823e-01   4.7808105e+02   1.0000000e+00
   9.4274538e-01  -4.6956525e-01   4.9121565e+02   1.0000000e+00
   9.2041593e-01  -4.6773549e-01   5.0247451e+02   1.0000000e+00
   1.0210473e+00  -4.0565731e-01   4.8281135e+02   1.0000000e+00
   1.0313857e+00  -5.3329806e-01   4.7750010e+02   1.0000000e+00
   1.0156548e+00  -4.7604833e-01   4.8286792e+02   1.0000000e+00
   1.0756323e+00  -5.1668830e-01   4.6814475e+02   1.0000000e+00
   1.0834506e+00  -4.6576769e-01   4.6232598e+02   1.0000000e+00
   1.1527598e+00  -5.1625614e-01   4.4798091e+02   1.0000000e+00
   9.3171765e-01  -4.3553453e-01   4.9839957e+02   1.0000000e+00
   9.6141876e-01  -4.0252140e-01   4.9607010e+02   1.0000000e+00
   9.4303805e-01  -5.6231898e-01   4.9612915e+02   1.0000000e+00
   9.1979061e-01  -6.2014866e-01   4.8914414e+02   1.0000000e+00
   9.3299793e-01  -5.6108191e-01   4.9818119e+02   1.0000000e+00
   1.0021209e+00  -4.9040374e-01   4.8242151e+02   1.0000000e+00
   9.9509795e-01  -4.7435111e-01   4.8075709e+02   1.0000000e+00
   1.1326498e+00  -6.0044507e-01   4.5734844e+02   1.0000000e+00
   9.2706364e-01  -5.6939988e-01   4.9390353e+02   1.0000000e+00
   1.0637438e+00  -5.7353949e-01   4.7817282e+02   1.0000000e+00
   1.0101684e+00  -4.8423233e-01   4.8264884e+02   1.0000000e+00
   9.3784425e-01  -5.7260026e-01   4.8452920e+02   1.0000000e+00
   9.1515606e-01  -5.5318614e-01   5.0039558e+02   1.0000000e+00
   9.5241336e-01  -4.2262096e-01   4.9795419e+02   1.0000000e+00
   1.0816578e+00  -5.6336926e-01   4.6356786e+02   1.0000000e+00
   9.8537025e-01  -5.1042125e-01   4.8912986e+02   1.0000000e+00
   1.1044226e+00  -5.0245481e-01   4.6690866e+02   1.0000000e+00
   1.0325910e+00  -5.1129937e-01   4.8146688e+02   1.0000000e+00
   1.0788433e+00  -4.8866115e-01   4.7609827e+02   1.0000000e+00
   1.0401121e+00  -5.1333168e-01   4.7245697e+02   1.0000000e+00
   9.4292781e-01  -5.6283926e-01   4.9120301e+02   1.0000000e+00
   1.0400932e+00  -5.2650470e-01   4.6840792e+02   1.0000000e+00
   1.0042787e+00  -4.2706545e-01   4.8016938e+02   1.0000000e+00
   9.9170523e-01  -5.2364027e-01   4.8591550e+02   1.0000000e+00
   1.0089228e+00  -3.3668420e-01   4.9484491e+02   1.0000000e+00
   9.5059764e-01  -4.6345666e-01   4.9747310e+02   1.0000000e+00
   1.0328918e+00  -3.7813283e-01   4.8941510e+02   1.0000000e+00
   1.0642739e+00  -4.9486292e-01   4.7141740e+02   1.0000000e+00
   1.0253463e+00  -5.2703223e-01   4.7661863e+02   1.0000000e+00
   9.8589807e-01  -4.7715596e-01   4.9551597e+02   1.0000000e+00
   9.6897710e-01  -4.6731884e-01   4.9073144e+02   1.0000000e+00
   1.0618286e+00  -4.7093798e-01   4.7269040e+02   1.0000000e+00
   1.0644335e+00  -5.9172525e-01   4.6818841e+02   1.0000000e+00
   1.0214041e+00  -4.6490317e-01   4.9272815e+02   1.0000000e+00
   1.0183070e+00  -4.5018083e-01   4.8372055e+02   1.0000000e+00
   1.0234577e+00  -5.8401125e-01   4.7716744e+02   1.0000000e+00
   1.0426291e+00  -5.8330215e-01   4.6539301e+02   1.0000000e+00
   9.3074948e-01  -6.4901492e-01   4.9591721e+02   1.0000000e+00
   9.5407821e-01  -4.7784146e-01   4.9557329e+02   1.0000000e+00
   9.9500437e-01  -4.7143508e-01   4.9061581e+02   1.0000000e+00
   9.6283070e-01  -5.7923604e-01   4.9331307e+02   1.0000000e+00
   1.0271449e+00  -4.3813396e-01   4.8018654e+02   1.0000000e+00
   1.0515454e+00  -5.3580953e-01   4.7530439e+02   1.0000000e+00
   9.6018844e-01  -5.2468763e-01   4.8643892e+02   1.0000000e+00
   1.0838816e+00  -5.3932547e-01   4.7226119e+02   1.0000000e+00
   1.0280682e+00  -5.3103399e-01   4.7226244e+02   1.0000000e+00
   9.9874806e-01  -5.0593928e-01   4.8059453e+02   1.0000000e+00
   1.0885688e+00  -5.4301858e-01   4.8122360e+02   1.0000000e+00
   9.4435209e-01  -6.6925276e-01   4.7850058e+02   1.0000000e+00
   1.0188132e+00  -3.3583942e-01   4.9382256e+02   1.0000000e+00
   1.0211019e+00  -5.2156893e-01   4.7813152e+02   1.0000000e+00
   1.0317940e+00  -5.4830080e-01   4.7405345e+02   1.0000000e+00
   1.0581691e+00  -5.7175357e-01   4.7495305e+02   1.0000000e+00
   9.4552567e-01  -5.2693107e-01   4.9463439e+02   1.0000000e+00
   9.2638310e-01  -3.7101630e-01   5.1064475e+02   1.0000000e+00
   9.3870527e-01  -4.7537947e-01   4.8524327e+02   1.0000000e+00
   9.4338767e-01  -5.0888695e-01   5.0308388e+02   1.0000000e+00
   1.0830352e+00  -5.2787111e-01   4.5784975e+02   1.0000000e+00
   9.2695175e-01  -6.0411327e-01   5.0199621e+02   1.0000000e+00
   9.4565363e-01  -4.2262333e-01   5.0024628e+02   1.0000000e+00
   1.0507710e+00  -4.5030823e-01   4.8052351e+02   1.0000000e+00
   1.0420483e+00  -4.0077364e-01   4.8334388e+02   1.0000000e+00
   1.0124364e+00  -4.0959835e-01   4.7637049e+02   1.0000000e+00
   9.6739929e-01  -5.0199483e-01   4.9171703e+02   1.0000000e+00
   9.9499431e-01  -3.8709011e-01   4.8766251e+02   1.0000000e+00
   1.0696153e+00  -6.2766852e-01   4.6489352e+02   1.0000000e+00
   1.1235548e+00  -4.3844216e-01   4.6333818e+02   1.0000000e+00
   9.6149916e-01  -5.4025546e-01   5.0100776e+02   1.0000000e+00
   1.0251456e+00  -3.9484417e-01   4.8607814e+02   1.0000000e+00
   1.0155962e+00  -4.5398902e-01   4.7438236e+02   1.0000000e+00
   9.6863125e-01  -4.9857261e-01   4.9577925e+02   1.0000000e+00
   9.6921543e-01  -5.2848512e-01   4.8444376e+02   1.0000000e+00
   9.4200441e-01  -5.2956140e-01   5.0367746e+02   1.0000000e+00
   9.5656695e-01  -3.6191102e-01   5.0013511e+02   1.0000000e+00
   1.1223472e+00  -4.2997497e-01   4.7177200e+02   1.0000000e+00
   8.1635812e-01  -4.7716353e-01   5.3204440e+02   1.0000000e+00
   1.0510918e+00  -5.1327016e-01   4.8518226e+02   1.0000000e+00
   9.9613450e-01  -3.8199954e-01   5.0002339e+02   1.0000000e+00
   1.0490889e+00  -5.2904030e-01   4.6354508e+02   1.0000000e+00
   1.0905595e+00  -5.7632750e-01   4.6271103e+02   1.0000000e+00
   9.7682901e-01  -3.8751024e-01   4.9140113e+02   1.0000000e+00
   1.0030424e+00  -5.3892185e-01   4.7834222e+02   1.0000000e+00
   9.7531493e-01  -5.6751804e-01   4.8536792e+02   1.0000000e+00
   1.0684418e+00  -4.6600341e-01   4.7889845e+02   1.0000000e+00
   9.9579489e-01  -4.3799393e-01   4.8901431e+02   1.0000000e+00
   1.0058551e+00  -4.2537144e-01   4.8434235e+02   1.0000000e+00
   1.0143927e+00  -4.2192723e-01   4.7819764e+02   1.0000000e+00
   9.4824460e-01  -4.6387919e-01   4.9027238e+02   1.0000000e+00
   9.6496488e-01  -3.4339593e-01   5.0864144e+02   1.0000000e+00
   9.9180437e-01  -4.1044284e-01   4.9300752e+02   1.0000000e+00
   1.0369726e+00  -4.6726130e-01   4.7887592e+02   1.0000000e+00
   1.0660723e+00  -6.0447504e-01   4.7282065e+02   1.0000000e+00
   1.0166061e+00  -4.6851923e-01   4.8749610e+02   1.0000000e+00
   9.6785867e-01  -5.6214310e-01   4.7869387e+02   1.0000000e+00
   9.9609076e-01  -4.5076623e-01   4.9035380e+02   1.0000000e+00
   9.6963154e-01  -5.0731745e-01   4.9041675e+02   1.0000000e+00
   1.0600398e+00  -4.5712469e-01   4.7820866e+02   1.0000000e+00
   1.0108593e+00  -6.1234974e-01   4.7110721e+02   1.0000000e+00
   1.0391695e+00  -3.9707702e-01   4.9251804e+02   1.0000000e+00
   9.7943919e-01  -4.7256534e-01   4.9297135e+02   1.0000000e+00
   9.9183199e-01  -4.9986696e-01   4.8769728e+02   1.0000000e+00
   1.0863281e+00  -5.2007711e-01   4.6137296e+02   1.0000000e+00
   1.0077410e+00  -3.6894374e-01   4.8758695e+02   1.0000000e+00
   1.0746479e+00  -4.8745674e-01   4.8183354e+02   1.0000000e+00
   1.0058514e+00  -5.6683280e-01   4.6358968e+02   1.0000000e+00
   1.0657112e+00  -4.1479889e-01   4.8068234e+02   1.0000000e+00
   1.0795625e+00  -7.5573567e-01   4.5215577e+02   1.0000000e+00
   9.5817191e-01  -4.4451979e-01   4.9669873e+02   1.0000000e+00
   9.9638698e-01  -5.0177843e-01   4.8821642e+02   1.0000000e+00
   1.0896734e+00  -5.3901687e-01   4.6456718e+02   1.0000000e+00
   9.6128824e-01  -4.8689758e-01   4.8093087e+02   1.0000000e+00
   1.0196753e+00  -4.8083350e-01   4.8849069e+02   1.0000000e+00
   9.9946779e-01  -5.0748675e-01   4.8401409e+02   1.0000000e+00
   9.5930860e-01  -4.7565262e-01   4.9570538e+02   1.0000000e+00
   1.0309852e+00  -5.2806367e-01   4.8404527e+02   1.0000000e+00
   1.0470364e+00  -6.3281196e-01   4.7037504e+02   1.0000000e+00
   9.8709257e-01  -4.9067539e-01   4.8993034e+02   1.0000000e+00
   1.0488134e+00  -4.6992405e-01   4.8037718e+02   1.0000000e+00
   1.0862536e+00  -6.2700677e-01   4.6053876e+02   1.0000000e+00
   8.7526966e-01  -4.8839904e-01   5.2036533e+02   1.0000000e+00
   1.0260325e+00  -4.8295260e-01   4.7877658e+02   1.0000000e+00
   1.0420418e+00  -4.7368792e-01   4.8641710e+02   1.0000000e+00
   9.9160152e-01  -4.5882284e-01   4.9847721e+02   1.0000000e+00
   1.0251877e+00  -4.6870524e-01   4.7856821e+02   1.0000000e+00
   9.8849041e-01  -6.1119417e-01   4.7901425e+02   1.0000000e+00
   1.0364533e+00  -5.9444824e-01   4.7291587e+02   1.0000000e+00
   9.2944158e-01  -3.3918185e-01   5.0716333e+02   1.0000000e+00
   9.2846967e-01  -6.2716655e-01   4.8925122e+02   1.0000000e+00
   9.9081249e-01  -4.3539256e-01   4.9760886e+02   1.0000000e+00
   1.0273750e+00  -4.4216399e-01   4.7477637e+02   1.0000000e+00
   9.9230807e-01  -5.2451171e-01   4.9390510e+02   1.0000000e+00
   1.0625262e+00  -5.6410139e-01   4.8494983e+02   1.0000000e+00
   1.0482675e+00  -4.1669095e-01   4.8569940e+02   1.0000000e+00
   9.6858269e-01  -5.5955086e-01   4.8755432e+02   1.0000000e+00
   1.0033801e+00  -5.8023009e-01   4.8592608e+02   1.0000000e+00
   1.0143340e+00  -6.0247136e-01   4.7315315e+02   1.0000000e+00
   9.9567248e-01  -5.0162394e-01   4.8121334e+02   1.0000000e+00
   1.0454559e+00  -5.8492217e-01   4.6552922e+02   1.0000000e+00
   9.9505106e-01  -5.0151437e-01   4.8077072e+02   1.0000000e+00
   1.0292473e+00  -3.7216222e-01   4.9193020e+02   1.0000000e+00
   1.1209114e+00  -5.5609886e-01   4.5361434e+02   1.0000000e+00
   1.0255827e+00  -2.9428509e-01   4.9889459e+02   1.0000000e+00
   9.4187057e-01  -3.7549073e-01   4.8999912e+02   1.0000000e+00
   1.0598162e+00  -6.1921250e-01   4.6497630e+02   1.0000000e+00
   9.2941150e-01  -4.4416247e-01   4.9827006e+02   1.0000000e+00
   1.0383429e+00  -4.6138423e-01   4.7780083e+02   1.0000000e+00
   1.0022470e+00  -5.7456814e-01   4.7821441e+02   1.0000000e+00
   1.0921749e+00  -5.8823157e-01   4.5777965e+02   1.0000000e+00
   1.0991792e+00  -4.9562999e-01   4.7277101e+02   1.0000000e+00
   1.0083058e+00  -5.6950534e-01   4.7673557e+02   1.0000000e+00
   1.0021040e+00  -5.0606980e-01   4.8444126e+02   1.0000000e+00
   1.0593606e+00  -4.2427564e-01   4.7851563e+02   1.0000000e+00
   1.0467205e+00  -6.3198583e-01   4.6809300e+02   1.0000000e+00
   9.7787953e-01  -5.2766160e-01   4.8578219e+02   1.0000000e+00
   9.6259283e-01  -5.6425054e-01   4.7911894e+02   1.0000000e+00
   9.6784640e-01  -3.8758398e-01   5.0528207e+02   1.0000000e+00
   1.1372829e+00  -5.7306882e-01   4.5444277e+02   1.0000000e+00
   1.0818098e+00  -5.7116298e-01   4.6781948e+02   1.0000000e+00
   1.0158527e+00  -5.4583831e-01   4.7223482e+02   1.0000000e+00
   9.3170942e-01  -4.7392362e-01   4.9592000e+02   1.0000000e+00
   1.1941705e+00  -4.6840880e-01   4.4242087e+02   1.0000000e+00
   1.1033931e+00  -5.3169091e-01   4.6347543e+02   1.0000000e+00
   1.1008700e+00  -6.2834023e-01   4.4602556e+02   1.0000000e+00
   1.0077662e+00  -4.2540267e-01   4.7281293e+02   1.0000000e+00
   9.5365213e-01  -4.1986515e-01   5.0590122e+02   1.0000000e+00
   1.0112963e+00  -4.1872512e-01   4.7591126e+02   1.0000000e+00
   1.0049348e+00  -5.6811361e-01   4.9162270e+02   1.0000000e+00
   1.0221322e+00  -4.5651251e-01   4.8014286e+02   1.0000000e+00
   1.0823760e+00  -3.9412925e-01   4.6226274e+02   1.0000000e+00
   9.5539894e-01  -4.7370197e-01   5.0117700e+02   1.0000000e+00
   1.0257677e+00  -5.8679749e-01   4.7671833e+02   1.0000000e+00
   9.6105894e-01  -3.5912786e-01   4.9571347e+02   1.0000000e+00
   9.7688861e-01  -5.0004830e-01   4.9176138e+02   1.0000000e+00
   9.8882513e-01  -4.0017174e-01   4.7905672e+02   1.0000000e+00
   9.6004545e-01  -4.6066056e-01   4.9362792e+02   1.0000000e+00
   1.0462451e+00  -5.3492251e-01   4.7600792e+02   1.0000000e+00
   9.8884432e-01  -4.4056239e-01   4.9317728e+02   1.0000000e+00
   1.0153923e+00  -3.4183014e-01   4.9006038e+02   1.0000000e+00
   1.0914461e+00  -4.3527931e-01   4.6545743e+02   1.0000000e+00
   9.2370775e-01  -6.0893275e-01   4.9831350e+02   1.0000000e+00
   9.8496182e-01  -5.5355451e-01   4.8209359e+02   1.0000000e+00
   9.8207478e-01  -4.3716332e-01   4.9840178e+02   1.0000000e+00
   9.9861237e-01  -5.1270935e-01   4.7954908e+02   1.0000000e+00
   1.0078971e+00  -4.9808027e-01   4.7456901e+02   1.0000000e+00
   9.8357427e-01  -4.4313429e-01   4.9717634e+02   1.0000000e+00
   1.0274111e+00  -5.9489036e-01   4.6999221e+02   1.0000000e+00
   9.4354408e-01  -3.9801320e-01   5.0171310e+02   1.0000000e+00
   9.1711951e-01  -6.0931980e-01   4.9370349e+02   1.0000000e+00
   1.0582067e+00  -6.0712866e-01   4.7707318e+02   1.0000000e+00
   9.1341862e-01  -4.3081158e-01   5.0162406e+02   1.0000000e+00
   9.5611979e-01  -4.1730741e-01   5.0868669e+02   1.0000000e+00
   9.3049227e-01  -5.4035889e-01   4.9283461e+02   1.0000000e+00
   9.6845215e-01  -4.3023773e-01   5.0108119e+02   1.0000000e+00
   9.1286747e-01  -4.2783946e-01   5.1073152e+02   1.0000000e+00
   9.4650199e-01  -4.8642161e-01   5.0383623e+02   1.0000000e+00
   1.0219073e+00  -5.2717074e-01   4.7486692e+02   1.0000000e+00
   1.1276278e+00  -6.1090083e-01   4.4513320e+02   1.0000000e+00
   9.7550098e-01  -5.9015871e-01   4.7682824e+02   1.0000000e+00
   9.7137425e-01  -4.5400630e-01   4.8594811e+02   1.0000000e+00
   9.2295341e-01  -3.9645019e-01   5.0132686e+02   1.0000000e+00
   9.2486989e-01  -5.8040008e-01   5.0796818e+02   1.0000000e+00
   1.1009972e+00  -5.5738507e-01   4.4852196e+02   1.0000000e+00
   9.6934292e-01  -4.3049720e-01   4.9602369e+02   1.0000000e+00
   1.0952206e+00  -5.4013262e-01   4.6238684e+02   1.0000000e+00
   1.0068777e+00  -5.5408830e-01   4.6695224e+02   1.0000000e+00
   1.0723086e+00  -4.2424342e-01   4.7448604e+02   1.0000000e+00
   1.0621213e+00  -5.8081061e-01   4.7355457e+02   1.0000000e+00
   9.2823153e-01  -4.3833846e-01   4.9822663e+02   1.0000000e+00
   9.2576298e-01  -4.5647703e-01   4.9843144e+02   1.0000000e+00
   1.0176036e+00  -5.5081235e-01   4.8598014e+02   1.0000000e+00
   9.9596166e-01  -5.5091365e-01   4.9333726e+02   1.0000000e+00
   1.0776275e+00  -4.5842083e-01   4.6362663e+02   1.0000000e+00
   9.8211602e-01  -5.4469438e-01   4.8367069e+02   1.0000000e+00
   1.0139668e+00  -5.5236468e-01   4.7825548e+02   1.0000000e+00
   1.0027037e+00  -4.8560441e-01   4.7800638e+02   1.0000000e+00
   1.0748044e+00  -5.5339980e-01   4.7333733e+02   1.0000000e+00
   1.0451816e+00  -4.9761116e-01   4.7566060e+02   1.0000000e+00
   9.7024043e-01  -3.8350757e-01   4.9199307e+02   1.0000000e+00
   1.0608406e+00  -5.5550627e-01   4.7162393e+02   1.0000000e+00
   1.0036499e+00  -4.5250286e-01   4.7497814e+02   1.0000000e+00
   9.7090903e-01  -4.5256673e-01   4.8456026e+02   1.0000000e+00
   1.0389554e+00  -5.1075022e-01   4.8196620e+02   1.0000000e+00
   9.2087507e-01  -4.9201679e-01   5.0524736e+02   1.0000000e+00
   1.0128699e+00  -4.5178258e-01   4.9234896e+02   1.0000000e+00
   1.0169728e+00  -5.7562823e-01   4.8544527e+02   1.0000000e+00
   9.6607375e-01  -5.2238791e-01   4.9175489e+02   1.0000000e+00
   1.0272447e+00  -5.6199144e-01   4.7309007e+02   1.0000000e+00
   9.1111038e-01  -4.7573323e-01   5.1324990e+02   1.0000000e+00
   1.0307251e+00  -5.4307556e-01   4.7204233e+02   1.0000000e+00
   1.0094545e+00  -5.2423808e-01   4.8914304e+02   1.0000000e+00
   1.1961011e+00  -4.9830395e-01   4.5037852e+02   1.0000000e+00
   9.8705468e-01  -5.8827689e-01   4.9021016e+02   1.0000000e+00
   1.0531459e+00  -5.9508690e-01   4.7364671e+02   1.0000000e+00
   9.3727116e-01  -5.6263012e-01   5.0417562e+02   1.0000000e+00
   1.0349268e+00  -4.3121414e-01   4.7815453e+02   1.0000000e+00
   9.9714513e-01  -5.1873884e-01   4.8748143e+02   1.0000000e+00
   9.8430346e-01  -4.6256325e-01   4.9161143e+02   1.0000000e+00
   9.3885232e-01  -3.8088513e-01   5.1548009e+02   1.0000000e+00
   9.8984710e-01  -4.6541511e-01   5.0480987e+02   1.0000000e+00
   9.6569495e-01  -5.1035289e-01   4.8663114e+02   1.0000000e+00
   1.0480173e+00  -5.0431740e-01   4.8308637e+02   1.0000000e+00
   1.0060733e+00  -6.1858704e-01   4.8511240e+02   1.0000000e+00
   9.9635993e-01  -5.7066429e-01   4.8529454e+02   1.0000000e+00
   9.5448944e-01  -4.9583327e-01   4.9483880e+02   1.0000000e+00
   9.2125161e-01  -5.2682580e-01   5.0285587e+02   1.0000000e+00
   1.0646614e+00  -5.6811725e-01   4.7165105e+02   1.0000000e+00
   1.0140670e+00  -4.1091047e-01   4.7486020e+02   1.0000000e+00
   9.1200409e-01  -5.2815631e-01   5.1157348e+02   1.0000000e+00
   1.0416111e+00  -5.7122974e-01   4.7519662e+02   1.0000000e+00
   1.0623745e+00  -4.4804392e-01   4.7106879e+02   1.0000000e+00
   9.1420418e-01  -4.0425833e-01   5.1502318e+02   1.0000000e+00
   9.8920030e-01  -4.8438049e-01   4.9280639e+02   1.0000000e+00
   9.6957077e-01  -4.5498330e-01   4.9568344e+02   1.0000000e+00
   9.8303280e-01  -4.5832776e-01   4.9225857e+02   1.0000000e+00
   9.3801586e-01  -5.4097413e-01   4.8838223e+02   1.0000000e+00
   1.0239284e+00  -5.1519489e-01   4.7915319e+02   1.0000000e+00
   9.6867016e-01  -5.3014292e-01   4.9187979e+02   1.0000000e+00
   1.0249372e+00  -5.9389770e-01   4.6941198e+02   1.0000000e+00
   1.0223750e+00  -4.7327975e-01   4.8089147e+02   1.0000000e+00
   1.0333298e+00  -5.5517031e-01   4.8334046e+02   1.0000000e+00
   1.0811829e+00  -4.9885997e-01   4.7798553e+02   1.0000000e+00
   9.8451987e-01  -4.4480616e-01   4.8241495e+02   1.0000000e+00
   1.1041068e+00  -4.2371453e-01   4.6236830e+02   1.0000000e+00
   9.9222429e-01  -4.3065777e-01   4.8902884e+02   1.0000000e+00
   1.0340133e+00  -4.9722181e-01   4.8475433e+02   1.0000000e+00
   9.7437516e-01  -5.5886292e-01   4.9593350e+02   1.0000000e+00
   1.0469621e+00  -5.0970608e-01   4.7776244e+02   1.0000000e+00
   9.5771167e-01  -4.5457690e-01   5.0136953e+02   1.0000000e+00
   1.0307336e+00  -4.8109161e-01   4.8369637e+02   1.0000000e+00
   9.4633353e-01  -4.8481685e-01   4.9808892e+02   1.0000000e+00
   9.1237571e-01  -4.4837970e-01   5.1316515e+02   1.0000000e+00
   1.0704180e+00  -4.8937715e-01   4.6863759e+02   1.0000000e+00
   1.0592864e+00  -5.5717336e-01   4.7476971e+02   1.0000000e+00
   9.9528955e-01  -6.4984613e-01   4.8105089e+02   1.0000000e+00
   1.0371382e+00  -5.8538113e-01   4.7719418e+02   1.0000000e+00
   1.0213077e+00  -5.1730328e-01   4.8444923e+02   1.0000000e+00
   9.1152598e-01  -5.3694605e-01   5.0373389e+02   1.0000000e+00
   9.7553578e-01  -5.4150152e-01   5.0225200e+02   1.0000000e+00
   9.4966480e-01  -4.7151972e-01   4.8866912e+02   1.0000000e+00
   1.1022044e+00  -6.5999937e-01   4.4984858e+02   1.0000000e+00
   1.0663573e+00  -5.1666566e-01   4.7557356e+02   1.0000000e+00
   1.0582370e+00  -4.9125499e-01   4.7250888e+02   1.0000000e+00
   1.0700937e+00  -5.4886928e-01   4.7685267e+02   1.0000000e+00
   9.3757049e-01  -4.8001441e-01   5.1229469e+02   1.0000000e+00
   1.0873939e+00  -5.4036478e-01   4.5487842e+02   1.0000000e+00
   9.8156642e-01  -3.9797534e-01   5.0635094e+02   1.0000000e+00
   9.3849710e-01  -5.0903541e-01   5.0099477e+02   1.0000000e+00
   1.0065054e+00  -4.4669172e-01   4.8195524e+02   1.0000000e+00
   9.5364669e-01  -5.6019711e-01   4.8833513e+02   1.0000000e+00
   1.0148811e+00  -5.6271908e-01   4.8514677e+02   1.0000000e+00
   1.0773347e+00  -5.8037096e-01   4.6259551e+02   1.0000000e+00
   8.9188004e-01  -4.5140829e-01   5.2710202e+02   1.0000000e+00
   9.5110721e-01  -5.3026818e-01   4.9211051e+02   1.0000000e+00
   1.0790126e+00  -5.2628783e-01   4.7230706e+02   1.0000000e+00
   9.4158302e-01  -4.4579541e-01   5.0459648e+02   1.0000000e+00
   1.1367844e+00  -7.2099997e-01   4.4591313e+02   1.0000000e+00
   1.0800460e+00  -4.4854537e-01   4.7671301e+02   1.0000000e+00
   1.0244090e+00  -4.4116790e-01   4.8523099e+02   1.0000000e+00
   1.0507333e+00  -5.6550644e-01   4.6599218e+02   1.0000000e+00
   1.0271790e+00  -6.4096929e-01   4.7033526e+02   1.0000000e+00
   1.0481550e+00  -4.7240745e-01   4.7877000e+02   1.0000000e+00
   9.5992007e-01  -4.8397266e-01   4.9581250e+02   1.0000000e+00
   1.1125459e+00  -5.6974935e-01   4.6165952e+02   1.0000000e+00
   9.1309298e-01  -4.6468409e-01   5.0855851e+02   1.0000000e+00
   1.0136609e+00  -5.8077437e-01   4.9574270e+02   1.0000000e+00
   9.1411799e-01  -5.6940867e-01   5.0030622e+02   1.0000000e+00
   1.0151829e+00  -5.1699290e-01   4.8623044e+02   1.0000000e+00
   9.9304771e-01  -5.1088153e-01   4.8137589e+02   1.0000000e+00
   1.0386588e+00  -3.7161774e-01   4.9378753e+02   1.0000000e+00
   9.7186311e-01  -6.3817925e-01   4.8882144e+02   1.0000000e+00
   9.2875226e-01  -5.6520900e-01   5.0398148e+02   1.0000000e+00
   1.0174125e+00  -5.5781636e-01   4.7945502e+02   1.0000000e+00
   9.5199444e-01  -5.0640336e-01   5.0014190e+02   1.0000000e+00
   9.9446059e-01  -4.3231936e-01   4.8603929e+02   1.0000000e+00
   1.0219703e+00  -5.5732526e-01   4.7185360e+02   1.0000000e+00
   1.1162979e+00  -5.6216206e-01   4.5993873e+02   1.0000000e+00
   9.4436787e-01  -4.6725599e-01   5.0647900e+02   1.0000000e+00
   9.7535885e-01  -5.8604480e-01   4.8078817e+02   1.0000000e+00
   9.5430080e-01  -4.8747304e-01   4.9301230e+02   1.0000000e+00
   1.0162062e+00  -4.2170073e-01   4.9187331e+02   1.0000000e+00
   8.8243470e-01  -4.5095554e-01   5.1997949e+02   1.0000000e+00
   8.7918114e-01  -3.8549047e-01   5.1707494e+02   1.0000000e+00
   1.1058722e+00  -5.3287757e-01   4.6002466e+02   1.0000000e+00
   1.0804193e+00  -4.4999721e-01   4.6450009e+02   1.0000000e+00
   9.3901084e-01  -4.7195451e-01   5.0124089e+02   1.0000000e+00
   8.6746080e-01  -4.8495004e-01   5.0816858e+02   1.0000000e+00
   1.0011935e+00  -4.4756224e-01   4.9173275e+02   1.0000000e+00
   1.0097491e+00  -3.1991910e-01   4.8873007e+02   1.0000000e+00
   9.9855798e-01  -4.6314977e-01   4.8927284e+02   1.0000000e+00
   9.0590138e-01  -5.2743879e-01   5.1344473e+02   1.0000000e+00
   1.0370256e+00  -6.1050129e-01   4.5041616e+02   1.0000000e+00
   9.7125930e-01  -4.5137700e-01   5.0013745e+02   1.0000000e+00
   1.0575599e+00  -3.6959862e-01   4.8185748e+02   1.0000000e+00
   1.0190763e+00  -4.9059068e-01   4.9203952e+02   1.0000000e+00
   1.0558073e+00  -3.1921118e-01   4.7717286e+02   1.0000000e+00
   1.0337170e+00  -5.6018847e-01   4.8947014e+02   1.0000000e+00
   1.0746530e+00  -4.3271746e-01   4.7838798e+02   1.0000000e+00
   1.0880820e+00  -3.2558097e-01   4.7346953e+02   1.0000000e+00
   1.0155828e+00  -4.3754043e-01   4.7769073e+02   1.0000000e+00
   9.8790015e-01  -4.9520725e-01   4.9876266e+02   1.0000000e+00
   1.0253030e+00  -5.8674164e-01   4.7166422e+02   1.0000000e+00
   9.4200160e-01  -5.3849335e-01   4.8803572e+02   1.0000000e+00
   1.0002817e+00  -4.0935495e-01   4.9460189e+02   1.0000000e+00
   1.0559597e+00  -5.0626747e-01   4.6327251e+02   1.0000000e+00
   9.9368428e-01  -5.8945035e-01   4.7826250e+02   1.0000000e+00
   1.0115166e+00  -5.5065581e-01   4.7101187e+02   1.0000000e+00
   1.0387092e+00  -5.5398658e-01   4.8019349e+02   1.0000000e+00
   1.0270700e+00  -6.1037261e-01   4.7983773e+02   1.0000000e+00
   1.0312381e+00  -4.4549236e-01   4.8289592e+02   1.0000000e+00
   9.4051793e-01  -4.8418219e-01   4.9661050e+02   1.0000000e+00
   9.6062313e-01  -5.9157176e-01   4.7822187e+02   1.0000000e+00
   1.0209611e+00  -5.4711390e-01   4.7714168e+02   1.0000000e+00
   9.9789781e-01  -4.4242861e-01   4.8335992e+02   1.0000000e+00
   9.6998490e-01  -4.7670333e-01   4.8269644e+02   1.0000000e+00
   1.0572970e+00  -4.8244534e-01   4.4813803e+02   1.0000000e+00
   1.0325128e+00  -5.5974759e-01   4.9143274e+02   1.0000000e+00
   1.0801802e+00  -6.2019439e-01   4.5589163e+02   1.0000000e+00
   9.6821317e-01  -5.6710175e-01   4.9761139e+02   1.0000000e+00
   9.7032754e-01  -5.7992159e-01   4.9080213e+02   1.0000000e+00
   1.0772681e+00  -5.0964212e-01   4.7494516e+02   1.0000000e+00
   1.0213105e+00  -5.0103951e-01   4.7891891e+02   1.0000000e+00
   1.0130258e+00  -4.5388431e-01   4.7819641e+02   1.0000000e+00
   1.0398950e+00  -6.7602791e-01   4.6234139e+02   1.0000000e+00
   1.0214650e+00  -6.4524430e-01   4.7135303e+02   1.0000000e+00
   9.9841230e-01  -4.4219096e-01   4.8096929e+02   1.0000000e+00
   9.6810807e-01  -4.4821235e-01   4.9128926e+02   1.0000000e+00
   9.9851620e-01  -4.7088708e-01   4.8400055e+02   1.0000000e+00
   9.5119684e-01  -4.4713676e-01   5.0304496e+02   1.0000000e+00
   9.2000234e-01  -3.5570281e-01   5.0951879e+02   1.0000000e+00
   1.0713196e+00  -5.7295637e-01   4.6183012e+02   1.0000000e+00
   1.0345608e+00  -4.7596525e-01   4.7499707e+02   1.0000000e+00
   9.4384651e-01  -4.0860851e-01   5.0324334e+02   1.0000000e+00
   1.0035221e+00  -3.6909693e-01   4.9537570e+02   1.0000000e+00
   9.9807546e-01  -4.1189986e-01   4.8304418e+02   1.0000000e+00
   1.0547272e+00  -4.0897377e-01   4.6936450e+02   1.0000000e+00
   9.8370184e-01  -6.1850089e-01   4.9272855e+02   1.0000000e+00
   1.1636681e+00  -5.6585584e-01   4.3740464e+02   1.0000000e+00
   1.0705669e+00  -5.2156143e-01   4.7332528e+02   1.0000000e+00
   1.0398275e+00  -5.6295616e-01   4.8357905e+02   1.0000000e+00
   9.6325533e-01  -5.0527995e-01   4.9564728e+02   1.0000000e+00
   1.0335746e+00  -6.5430911e-01   4.6417881e+02   1.0000000e+00
   1.1168858e+00  -4.7307304e-01   4.5147777e+02   1.0000000e+00
   1.1049151e+00  -5.1061622e-01   4.6900231e+02   1.0000000e+00
   1.0055405e+00  -5.3150149e-01   4.8842305e+02   1.0000000e+00
   1.0408500e+00  -5.6936387e-01   4.7240548e+02   1.0000000e+00
   8.5136506e-01  -4.1369155e-01   5.2395514e+02   1.0000000e+00
   1.0798461e+00  -4.6549396e-01   4.6752474e+02   1.0000000e+00
   1.0228247e+00  -5.3038755e-01   4.8371680e+02   1.0000000e+00
   9.4025713e-01  -4.1036296e-01   5.1936499e+02   1.0000000e+00
   1.0241854e+00  -4.4807213e-01   4.8909128e+02   1.0000000e+00
   1.0502134e+00  -5.3512092e-01   4.7464402e+02   1.0000000e+00
   1.0061729e+00  -5.9922942e-01   4.7609463e+02   1.0000000e+00
   1.0116495e+00  -6.3576694e-01   4.7996450e+02   1.0000000e+00
   9.7254971e-01  -4.9733427e-01   4.8752841e+02   1.0000000e+00
   1.0410942e+00  -5.5864565e-01   4.6923409e+02   1.0000000e+00
   9.5719835e-01  -5.1298339e-01   4.9818796e+02   1.0000000e+00
   1.0119402e+00  -4.1939788e-01   4.8903599e+02   1.0000000e+00
   9.8239770e-01  -5.2895518e-01   4.8746096e+02   1.0000000e+00
   1.0587555e+00  -5.5958454e-01   4.8785553e+02   1.0000000e+00
   1.0349455e+00  -5.6512584e-01   4.7983326e+02   1.0000000e+00
   1.0020353e+00  -4.9544253e-01   4.8052052e+02   1.0000000e+00
   9.8211116e-01  -4.5129083e-01   4.9031757e+02   1.0000000e+00
   1.0131705e+00  -5.3126100e-01   4.8712560e+02   1.0000000e+00
   9.9576798e-01  -5.0083169e-01   4.9234912e+02   1.0000000e+00
   1.0758682e+00  -5.7520346e-01   4.7093858e+02   1.0000000e+00
   1.0031171e+00  -5.2840043e-01   4.9212613e+02   1.0000000e+00
   1.0117913e+00  -3.8864594e-01   4.8628067e+02   1.0000000e+00
   1.0292079e+00  -3.8397401e-01   4.9063370e+02   1.0000000e+00
   9.7349909e-01  -5.7367750e-01   4.8612058e+02   1.0000000e+00
   8.5438027e-01  -5.1628878e-01   5.2135699e+02   1.0000000e+00
   1.0182435e+00  -5.0502729e-01   4.7681359e+02   1.0000000e+00
   9.9958772e-01  -4.8149080e-01   4.8458879e+02   1.0000000e+00
   1.0321953e+00  -5.0658087e-01   4.8238589e+02   1.0000000e+00
   1.0330806e+00  -5.4632783e-01   4.8154668e+02   1.0000000e+00
   1.0861550e+00  -5.6775875e-01   4.5721035e+02   1.0000000e+00
   9.5931159e-01  -5.8826558e-01   4.9158420e+02   1.0000000e+00
   9.4405650e-01  -3.6882011e-01   5.0998525e+02   1.0000000e+00
   1.1159766e+00  -4.4845198e-01   4.6210608e+02   1.0000000e+00
   1.0733575e+00  -5.1230871e-01   4.6859554e+02   1.0000000e+00
   8.5139018e-01  -4.7583214e-01   5.2159784e+02   1.0000000e+00
   1.0117886e+00  -5.0017129e-01   4.8094580e+02   1.0000000e+00
   9.8237253e-01  -4.3208488e-01   4.9267605e+02   1.0000000e+00
   1.0395164e+00  -5.1043934e-01   4.7513121e+02   1.0000000e+00
   9.6418086e-01  -4.5289505e-01   4.8918640e+02   1.0000000e+00
   1.0163938e+00  -4.4864034e-01   4.8290645e+02   1.0000000e+00
   9.8623573e-01  -4.3565752e-01   5.0010276e+02   1.0000000e+00
   9.6174830e-01  -4.2900016e-01   5.1493796e+02   1.0000000e+00
   9.7492857e-01  -6.1408356e-01   4.8319553e+02   1.0000000e+00
   1.0831908e+00  -4.0266471e-01   4.6247062e+02   1.0000000e+00
   9.7009890e-01  -6.2227240e-01   4.9205029e+02   1.0000000e+00
   9.8018100e-01  -4.3894135e-01   4.9112522e+02   1.0000000e+00
   1.0358370e+00  -4.9291457e-01   4.8203599e+02   1.0000000e+00
   1.0078489e+00  -4.4764385e-01   4.9284036e+02   1.0000000e+00
   9.6071217e-01  -4.5971498e-01   4.9269585e+02   1.0000000e+00
   1.0433137e+00  -5.7754742e-01   4.6988404e+02   1.0000000e+00
   1.0533645e+00  -5.0509956e-01   4.7384406e+02   1.0000000e+00
   1.1147576e+00  -4.5324034e-01   4.5912932e+02   1.0000000e+00
   1.0402789e+00  -5.8103673e-01   4.7197055e+02   1.0000000e+00
   1.0722659e+00  -5.1129361e-01   4.6417958e+02   1.0000000e+00
   9.3188895e-01  -5.2027919e-01   5.0525601e+02   1.0000000e+00
   9.3187066e-01  -4.7531883e-01   5.0038611e+02   1.0000000e+00
   9.9744538e-01  -6.5351474e-01   4.8510757e+02   1.0000000e+00
   1.0450614e+00  -5.8902124e-01   4.6556909e+02   1.0000000e+00
   1.0940932e+00  -5.6854354e-01   4.4715044e+02   1.0000000e+00
   1.0865956e+00  -5.6706141e-01   4.6718198e+02   1.0000000e+00
   9.8814203e-01  -4.7985085e-01   4.8487599e+02   1.0000000e+00
   9.3059323e-01  -4.1492878e-01   5.1761952e+02   1.0000000e+00
   9.9415115e-01  -4.3123132e-01   4.8848659e+02   1.0000000e+00
   1.0524047e+00  -4.5281009e-01   4.7448962e+02   1.0000000e+00
   9.7872426e-01  -4.6993875e-01   5.0536573e+02   1.0000000e+00
   9.3901484e-01  -4.7737941e-01   5.0213389e+02   1.0000000e+00
   1.0811802e+00  -4.8600657e-01   4.6517292e+02   1.0000000e+00
   1.0096196e+00  -5.6641249e-01   4.8400064e+02   1.0000000e+00
   1.1603071e+00  -6.1345247e-01   4.5069649e+02   1.0000000e+00
   9.1217031e-01  -3.4780918e-01   5.1048114e+02   1.0000000e+00
   1.1013387e+00  -4.8014899e-01   4.6906597e+02   1.0000000e+00
   1.0241683e+00  -4.2460408e-01   4.8325797e+02   1.0000000e+00
   1.0157008e+00  -5.6919593e-01   4.7779724e+02   1.0000000e+00
   9.8946836e-01  -5.0279720e-01   4.8453655e+02   1.0000000e+00
   1.1010777e+00  -5.2345502e-01   4.6550213e+02   1.0000000e+00
   9.1478521e-01  -3.9876741e-01   4.9762150e+02   1.0000000e+00
   1.0470611e+00  -4.4706435e-01   4.8425598e+02   1.0000000e+00
   1.0521210e+00  -5.2791790e-01   4.7567360e+02   1.0000000e+00
   1.0477794e+00  -4.1268863e-01   4.7281320e+02   1.0000000e+00
   9.3051751e-01  -4.7011074e-01   5.0327607e+02   1.0000000e+00
   1.0744510e+00  -5.3823285e-01   4.7483493e+02   1.0000000e+00
   9.7812219e-01  -5.1085396e-01   4.9001065e+02   1.0000000e+00
   1.1412652e+00  -4.3975294e-01   4.7312550e+02   1.0000000e+00
   9.9094119e-01  -3.7711165e-01   5.0088310e+02   1.0000000e+00
   1.1233227e+00  -6.7029411e-01   4.5502207e+02   1.0000000e+00
   9.4348453e-01  -3.2713496e-01   5.0124161e+02   1.0000000e+00
   9.8568232e-01  -4.4903090e-01   4.8576992e+02   1.0000000e+00
   1.0089551e+00  -5.2737716e-01   4.8321788e+02   1.0000000e+00
   9.3634640e-01  -4.1939029e-01   4.9848771e+02   1.0000000e+00
   1.1242473e+00  -5.6450572e-01   4.5609776e+02   1.0000000e+00
   9.2195176e-01  -4.6593641e-01   4.9660593e+02   1.0000000e+00
   9.8028031e-01  -3.6663869e-01   5.0634189e+02   1.0000000e+00
   8.8088974e-01  -4.2088285e-01   5.1336157e+02   1.0000000e+00
   9.8274330e-01  -5.5995399e-01   4.8934856e+02   1.0000000e+00
   9.7238681e-01  -4.5148590e-01   4.8591802e+02   1.0000000e+00
   1.0720624e+00  -5.4532063e-01   4.6212037e+02   1.0000000e+00
   9.8935718e-01  -5.4028288e-01   4.8410347e+02   1.0000000e+00
   1.0941303e+00  -4.2446493e-01   4.6836730e+02   1.0000000e+00
   1.0280223e+00  -4.8860261e-01   4.7759401e+02   1.0000000e+00
   1.0195204e+00  -5.0923096e-01   4.8931009e+02   1.0000000e+00
   9.9657404e-01  -3.8701634e-01   4.9006801e+02   1.0000000e+00
   1.0358722e+00  -4.5523018e-01   4.8207464e+02   1.0000000e+00
   9.9640466e-01  -5.3709713e-01   4.7881512e+02   1.0000000e+00
   9.4579620e-01  -5.4318236e-01   4.9416677e+02   1.0000000e+00
   1.0398390e+00  -3.7977329e-01   4.8091690e+02   1.0000000e+00
   1.0031340e+00  -4.3582380e-01   4.9395276e+02   1.0000000e+00
   9.8483074e-01  -4.9966441e-01   4.8977758e+02   1.0000000e+00
   1.0305527e+00  -6.0006306e-01   4.6796144e+02   1.0000000e+00
   9.8498541e-01  -5.5837932e-01   4.8501596e+02   1.0000000e+00
   9.7943385e-01  -6.0874298e-01   4.9149484e+02   1.0000000e+00
   9.9443571e-01  -4.6947607e-01   4.9784378e+02   1.0000000e+00
   1.0210879e+00  -5.0898723e-01   4.7467162e+02   1.0000000e+00
   9.4911629e-01  -6.0841687e-01   4.8868727e+02   1.0000000e+00
   1.1215554e+00  -4.8583414e-01   4.5852494e+02   1.0000000e+00
   9.5652238e-01  -5.1661974e-01   5.0832120e+02   1.0000000e+00
   1.0347720e+00  -4.5079050e-01   4.7816327e+02   1.0000000e+00
   1.0088917e+00  -5.5150032e-01   4.8963920e+02   1.0000000e+00
   9.4939700e-01  -3.7143541e-01   4.9644060e+02   1.0000000e+00
   1.0100963e+00  -4.9856936e-01   4.6891756e+02   1.0000000e+00
   8.9393291e-01  -4.1304424e-01   5.1625698e+02   1.0000000e+00
   1.0621310e+00  -4.7405006e-01   4.6822259e+02   1.0000000e+00
   1.0346173e+00  -5.0022162e-01   4.7735076e+02   1.0000000e+00
   9.8039101e-01  -5.0394807e-01   4.9373703e+02   1.0000000e+00
   1.0735255e+00  -4.9021050e-01   4.6651253e+02   1.0000000e+00
   9.5158702e-01  -4.0730127e-01   4.9269690e+02   1.0000000e+00
   1.1227055e+00  -3.4707022e-01   4.5771477e+02   1.0000000e+00
   1.0058735e+00  -6.3425827e-01   4.7555482e+02   1.0000000e+00
   1.0176135e+00  -6.1440201e-01   4.7617510e+02   1.0000000e+00
   1.0061947e+00  -5.0080715e-01   4.8205767e+02   1.0000000e+00
   9.6806479e-01  -4.1327890e-01   4.8653437e+02   1.0000000e+00
   9.8471396e-01  -5.4169570e-01   4.7892270e+02   1.0000000e+00
   9.1827885e-01  -4.1690488e-01   5.0740917e+02   1.0000000e+00
   1.0353952e+00  -5.1675515e-01   4.8324097e+02   1.0000000e+00
   9.2866731e-01  -4.0294846e-01   5.1848381e+02   1.0000000e+00
   1.0044137e+00  -6.2558068e-01   4.8236105e+02   1.0000000e+00
   9.5744642e-01  -4.2203477e-01   5.0246032e+02   1.0000000e+00
   9.7313886e-01  -4.7235468e-01   4.9150503e+02   1.0000000e+00
   1.0097744e+00  -4.8261578e-01   4.8787570e+02   1.0000000e+00
   8.8656418e-01  -4.8253863e-01   5.1939125e+02   1.0000000e+00
   9.5398166e-01  -4.4665353e-01   5.0039620e+02   1.0000000e+00
   1.0662709e+00  -5.6365231e-01   4.6742133e+02   1.0000000e+00
   9.5886000e-01  -4.9966525e-01   4.9583765e+02   1.0000000e+00
   9.3638038e-01  -4.4944656e-01   5.0128312e+02   1.0000000e+00
   9.5989795e-01  -5.1720558e-01   4.9479683e+02   1.0000000e+00
   9.6672595e-01  -5.7151528e-01   4.8302824e+02   1.0000000e+00
   1.0038135e+00  -4.1415392e-01   4.9288628e+02   1.0000000e+00
   9.8693005e-01  -5.0908146e-01   4.9288571e+02   1.0000000e+00
   1.0610534e+00  -6.1799596e-01   4.6396886e+02   1.0000000e+00
   1.1294285e+00  -5.2570925e-01   4.4954875e+02   1.0000000e+00
   1.0367506e+00  -7.0742406e-01   4.6152852e+02   1.0000000e+00
   9.8131594e-01  -5.7960457e-01   4.8902247e+02   1.0000000e+00
   1.1335820e+00  -4.1130580e-01   4.6030750e+02   1.0000000e+00
   9.7298231e-01  -4.7039764e-01   4.9418176e+02   1.0000000e+00
   9.0292263e-01  -4.9999005e-01   5.1049863e+02   1.0000000e+00
   9.8213705e-01  -4.5829707e-01   4.9173922e+02   1.0000000e+00
   1.0204597e+00  -4.4149975e-01   4.9303411e+02   1.0000000e+00
   9.7173984e-01  -5.4715987e-01   5.0248623e+02   1.0000000e+00
   9.6246717e-01  -4.8421426e-01   4.8840126e+02   1.0000000e+00
   1.0421105e+00  -6.2958211e-01   4.6634196e+02   1.0000000e+00
   9.6816351e-01  -4.2938040e-01   4.9857892e+02   1.0000000e+00
   9.6809600e-01  -4.6709743e-01   4.9271300e+02   1.0000000e+00
   9.9034860e-01  -5.4457347e-01   4.8687144e+02   1.0000000e+00
   9.5037230e-01  -4.3582005e-01   4.8615426e+02   1.0000000e+00
   9.5317337e-01  -6.0476032e-01   4.8859844e+02   1.0000000e+00
   1.0026616e+00  -5.0461366e-01   4.8326180e+02   1.0000000e+00
   9.4972597e-01  -4.6827909e-01   5.0109396e+02   1.0000000e+00
   1.0166038e+00  -4.3972380e-01   4.9358190e+02   1.0000000e+00
   9.5434257e-01  -5.3227151e-01   4.9027915e+02   1.0000000e+00
   1.1257242e+00  -5.7522257e-01   4.5467618e+02   1.0000000e+00
   1.0328604e+00  -4.0920571e-01   4.8082141e+02   1.0000000e+00
   1.0852245e+00  -5.1855471e-01   4.7297685e+02   1.0000000e+00
   1.0345195e+00  -5.5981933e-01   4.7746505e+02   1.0000000e+00
   9.8018880e-01  -4.2042421e-01   4.9036276e+02   1.0000000e+00
   9.4292930e-01  -4.1445037e-01   5.0619351e+02   1.0000000e+00
   1.0087434e+00  -3.6233656e-01   4.9284828e+02   1.0000000e+00
   9.6603959e-01  -4.3522504e-01   4.8385211e+02   1.0000000e+00
   9.9120582e-01  -5.7791339e-01   4.8054450e+02   1.0000000e+00
   1.0661267e+00  -4.9212531e-01   4.7437184e+02   1.0000000e+00
   1.0153977e+00  -4.0908965e-01   4.8298711e+02   1.0000000e+00
   9.5156411e-01  -6.0951233e-01   5.0261295e+02   1.0000000e+00
   1.0367836e+00  -5.7941529e-01   4.6015886e+02   1.0000000e+00
   9.9612622e-01  -5.2206817e-01   4.8045580e+02   1.0000000e+00
   9.7381791e-01  -4.8319587e-01   4.9198416e+02   1.0000000e+00
   9.7115472e-01  -4.0902823e-01   4.9856084e+02   1.0000000e+00
   1.0108311e+00  -5.1138818e-01   4.8212670e+02   1.0000000e+00
   1.0135758e+00  -4.7854076e-01   4.8244362e+02   1.0000000e+00
   1.0828618e+00  -4.3651647e-01   4.7473359e+02   1.0000000e+00
   9.9331282e-01  -4.8909963e-01   4.9029961e+02   1.0000000e+00
   9.8116164e-01  -4.1172045e-01   4.8629881e+02   1.0000000e+00
   9.7874148e-01  -4.9618776e-01   4.9195761e+02   1.0000000e+00
   9.8961215e-01  -4.2217550e-01   5.0092487e+02   1.0000000e+00
   9.6561995e-01  -3.9027204e-01   4.9641324e+02   1.0000000e+00
   9.2819524e-01  -4.8282612e-01   5.0698134e+02   1.0000000e+00
   9.7446578e-01  -4.2758139e-01   5.0053148e+02   1.0000000e+00
   9.3290948e-01  -6.5804444e-01   4.8884444e+02   1.0000000e+00
   9.7929450e-01  -4.3511211e-01   4.9746555e+02   1.0000000e+00
   9.9642501e-01  -7.0802689e-01   4.7213426e+02   1.0000000e+00
   1.0192239e+00  -4.5852563e-01   4.9465911e+02   1.0000000e+00
   1.1078246e+00  -4.5615708e-01   4.6627362e+02   1.0000000e+00
   1.0409757e+00  -4.5536792e-01   4.7594291e+02   1.0000000e+00
   1.0443096e+00  -5.8151196e-01   4.8076122e+02   1.0000000e+00
   1.0649169e+00  -5.1472139e-01   4.6942763e+02   1.0000000e+00
   1.0642808e+00  -4.7601206e-01   4.6833846e+02   1.0000000e+00
   1.0900631e+00  -4.9314587e-01   4.6946875e+02   1.0000000e+00
   1.0082038e+00  -5.2798254e-01   4.7358977e+02   1.0000000e+00
   1.0593667e+00  -4.0101089e-01   4.8303907e+02   1.0000000e+00
   9.5819581e-01  -5.0242944e-01   4.9043456e+02   1.0000000e+00
   9.9249003e-01  -6.0747144e-01   4.9596353e+02   1.0000000e+00
   1.0231884e+00  -4.4507903e-01   4.9062778e+02   1.0000000e+00
   9.8734889e-01  -4.9249000e-01   5.0147156e+02   1.0000000e+00
   1.0013427e+00  -5.1021496e-01   4.8673554e+02   1.0000000e+00
   1.0579682e+00  -4.7673775e-01   4.8122066e+02   1.0000000e+00
   9.1488072e-01  -4.1995599e-01   5.1474757e+02   1.0000000e+00
   1.0484266e+00  -5.2325358e-01   4.6775380e+02   1.0000000e+00
   1.0447161e+00  -5.9324784e-01   4.6995422e+02   1.0000000e+00
   1.0636021e+00  -4.0086999e-01   4.6264075e+02   1.0000000e+00
   9.8517203e-01  -6.4135270e-01   4.8299455e+02   1.0000000e+00
   1.0808472e+00  -5.0177348e-01   4.6655195e+02   1.0000000e+00
   9.5481930e-01  -4.6987629e-01   4.8784672e+02   1.0000000e+00
   1.0263740e+00  -4.7473783e-01   4.7742674e+02   1.0000000e+00
   9.9221698e-01  -6.2760131e-01   4.8517042e+02   1.0000000e+00
   9.9815617e-01  -5.6810039e-01   4.9094249e+02   1.0000000e+00
   9.3474936e-01  -4.6986315e-01   4.9917261e+02   1.0000000e+00
   9.7567807e-01  -4.8554205e-01   4.9059105e+02   1.0000000e+00
   1.0013599e+00  -4.7869056e-01   4.8801998e+02   1.0000000e+00
   1.0241548e+00  -5.0295583e-01   4.7248801e+02   1.0000000e+00
   9.8453965e-01  -5.4630628e-01   4.8230302e+02   1.0000000e+00
   9.9943595e-01  -5.0724474e-01   4.9119382e+02   1.0000000e+00
   9.9270799e-01  -4.3151261e-01   4.9614529e+02   1.0000000e+00
   1.0026979e+00  -5.4726339e-01   4.8460138e+02   1.0000000e+00
   9.4958935e-01  -3.8939058e-01   5.0960638e+02   1.0000000e+00
   1.0415034e+00  -4.3023775e-01   4.7865993e+02   1.0000000e+00
   1.0304192e+00  -6.2995504e-01   4.8081352e+02   1.0000000e+00
   1.0229467e+00  -3.6773985e-01   4.8083956e+02   1.0000000e+00
   1.0519886e+00  -5.1332153e-01   4.6983593e+02   1.0000000e+00
   9.4040208e-01  -3.9655347e-01   4.9772931e+02   1.0000000e+00
   1.1269552e+00  -5.1876056e-01   4.6527786e+02   1.0000000e+00
   1.0800018e+00  -4.5441322e-01   4.7226546e+02   1.0000000e+00
   8.8273574e-01  -3.1221636e-01   5.2800611e+02   1.0000000e+00
   9.8314591e-01  -5.6509366e-01   4.8792230e+02   1.0000000e+00
   9.4776807e-01  -5.1353252e-01   5.0500773e+02   1.0000000e+00
   9.0997731e-01  -4.2201025e-01   5.2386304e+02   1.0000000e+00
   1.0024760e+00  -5.1098490e-01   4.7671388e+02   1.0000000e+00
   1.0219736e+00  -5.0887126e-01   4.8294540e+02   1.0000000e+00
   8.8149347e-01  -3.6031194e-01   5.1956691e+02   1.0000000e+00
   9.8525541e-01  -5.2270162e-01   4.8936584e+02   1.0000000e+00
   1.0988911e+00  -3.8571986e-01   4.7715927e+02   1.0000000e+00
   9.9909539e-01  -4.1948861e-01   4.9363463e+02   1.0000000e+00
   1.0278159e+00  -6.3353062e-01   4.6764373e+02   1.0000000e+00
   1.0217501e+00  -6.3757030e-01   4.7319218e+02   1.0000000e+00
   1.0155530e+00  -3.9607331e-01   4.7785251e+02   1.0000000e+00
   1.0374106e+00  -5.7034257e-01   4.7925696e+02   1.0000000e+00
   9.9805088e-01  -4.8600922e-01   4.9537315e+02   1.0000000e+00
   1.0470028e+00  -6.0324789e-01   4.6810817e+02   1.0000000e+00
   1.0448436e+00  -5.4416328e-01   4.7366453e+02   1.0000000e+00
   1.0923433e+00  -5.5049167e-01   4.5866912e+02   1.0000000e+00
   1.0897618e+00  -5.5261425e-01   4.6449709e+02   1.0000000e+00
   9.8453066e-01  -5.9681013e-01   4.7868195e+02   1.0000000e+00
   1.1038715e+00  -5.4294555e-01   4.6758374e+02   1.0000000e+00
   1.1004508e+00  -5.6790651e-01   4.4947564e+02   1.0000000e+00
   1.0098926e+00  -5.7101744e-01   4.7071174e+02   1.0000000e+00
   9.7033873e-01  -4.0481064e-01   4.9474599e+02   1.0000000e+00
   9.7982757e-01  -3.4306772e-01   5.0573005e+02   1.0000000e+00
   9.9800122e-01  -5.0170634e-01   4.8448712e+02   1.0000000e+00
   9.4287312e-01  -4.3947115e-01   4.9805470e+02   1.0000000e+00
   9.4107313e-01  -4.8316261e-01   5.0916980e+02   1.0000000e+00
   9.4087823e-01  -4.6789656e-01   5.0295252e+02   1.0000000e+00
   9.7244404e-01  -5.9341751e-01   4.8285868e+02   1.0000000e+00
   9.8541153e-01  -5.2280159e-01   4.9445267e+02   1.0000000e+00
   9.7668867e-01  -4.5653428e-01   5.0854619e+02   1.0000000e+00
   9.9792745e-01  -5.9685247e-01   4.7636332e+02   1.0000000e+00
   9.8761725e-01  -5.7274006e-01   4.9100260e+02   1.0000000e+00
   1.0038544e+00  -4.7311629e-01   4.8153975e+02   1.0000000e+00
   1.0193240e+00  -4.8249565e-01   4.7809773e+02   1.0000000e+00
   8.8654802e-01  -5.3100648e-01   5.1105801e+02   1.0000000e+00
   1.0106780e+00  -5.0193701e-01   4.8334327e+02   1.0000000e+00
   1.0633283e+00  -5.3546280e-01   4.6971783e+02   1.0000000e+00
   9.5588935e-01  -4.4987428e-01   4.9144619e+02   1.0000000e+00
   9.9484763e-01  -4.3448968e-01   4.8266037e+02   1.0000000e+00
   9.1504115e-01  -4.1713388e-01   5.0032032e+02   1.0000000e+00
   1.1157265e+00  -5.0222161e-01   4.7550954e+02   1.0000000e+00
   1.0112598e+00  -4.5241674e-01   4.7358012e+02   1.0000000e+00
   1.0832727e+00  -5.1947534e-01   4.7187108e+02   1.0000000e+00
   1.0593758e+00  -5.9320523e-01   4.7008065e+02   1.0000000e+00
   1.0560159e+00  -3.6726487e-01   4.8002784e+02   1.0000000e+00
   1.0691147e+00  -4.8130101e-01   4.6261536e+02   1.0000000e+00
   9.7190134e-01  -4.7975729e-01   4.8524306e+02   1.0000000e+00
   9.4822758e-01  -5.7998312e-01   4.9674022e+02   1.0000000e+00
   1.0506819e+00  -5.6063294e-01   4.7013110e+02   1.0000000e+00
   1.0378482e+00  -4.5555681e-01   4.8581677e+02   1.0000000e+00
   9.6601729e-01  -6.0760412e-01   4.7923157e+02   1.0000000e+00
   9.5319817e-01  -4.5001235e-01   5.0206040e+02   1.0000000e+00
   1.0496308e+00  -4.6448297e-01   4.8029266e+02   1.0000000e+00
   1.0139543e+00  -6.0997141e-01   4.8014350e+02   1.0000000e+00
   1.0601154e+00  -4.4746335e-01   4.7421883e+02   1.0000000e+00
   9.8913720e-01  -5.0459915e-01   4.9411110e+02   1.0000000e+00
   9.3482788e-01  -5.8589167e-01   4.8855118e+02   1.0000000e+00
   9.5305721e-01  -3.8889764e-01   5.0696057e+02   1.0000000e+00
   1.0152367e+00  -4.4867106e-01   4.8625619e+02   1.0000000e+00
   1.0147518e+00  -4.0739718e-01   4.8801319e+02   1.0000000e+00
   1.0562390e+00  -5.3796521e-01   4.7180463e+02   1.0000000e+00
   9.7564119e-01  -5.6221798e-01   4.8885085e+02   1.0000000e+00
   9.7520318e-01  -6.8330176e-01   4.6777994e+02   1.0000000e+00
   9.2525462e-01  -4.4093332e-01   5.0828888e+02   1.0000000e+00
   9.6764957e-01  -5.4159838e-01   4.9120113e+02   1.0000000e+00
   1.0105289e+00  -5.1144888e-01   4.7551576e+02   1.0000000e+00
   9.8039452e-01  -5.1235571e-01   4.8111890e+02   1.0000000e+00
   9.9450488e-01  -6.3070305e-01   4.7469020e+02   1.0000000e+00
   9.9628346e-01  -5.4360145e-01   4.7596857e+02   1.0000000e+00
   1.0558358e+00  -5.0510878e-01   4.7530511e+02   1.0000000e+00
   9.9790367e-01  -4.6559783e-01   4.8849097e+02   1.0000000e+00
   9.6219141e-01  -5.2235713e-01   4.9288745e+02   1.0000000e+00
   1.0655092e+00  -5.1637400e-01   4.7568677e+02   1.0000000e+00
   9.7865598e-01  -4.8905667e-01   4.8143497e+02   1.0000000e+00
   1.1303393e+00  -5.7111227e-01   4.5466850e+02   1.0000000e+00
   9.0201738e-01  -4.9650129e-01   5.1303970e+02   1.0000000e+00
   1.0706386e+00  -4.8415539e-01   4.6622338e+02   1.0000000e+00
   9.9549272e-01  -5.2891022e-01   4.9302791e+02   1.0000000e+00
   1.0989969e+00  -5.7734395e-01   4.7073462e+02   1.0000000e+00
   1.0330783e+00  -4.8996092e-01   4.7458660e+02   1.0000000e+00
   1.0132089e+00  -6.5708875e-01   4.6698388e+02   1.0000000e+00
   8.7806265e-01  -5.4038857e-01   5.1749372e+02   1.0000000e+00
   8.6447017e-01  -4.2557944e-01   5.2467233e+02   1.0000000e+00
   1.1320853e+00  -5.9240609e-01   4.5780578e+02   1.0000000e+00
   1.0050591e+00  -4.7810521e-01   4.7845784e+02   1.0000000e+00
   9.2904670e-01  -3.3974678e-01   5.0618426e+02   1.0000000e+00
   8.6409995e-01  -3.9365149e-01   5.3033962e+02   1.0000000e+00
   1.0344838e+00  -6.6046143e-01   4.6572734e+02   1.0000000e+00
   1.0525715e+00  -4.9365224e-01   4.7834028e+02   1.0000000e+00
   9.6827157e-01  -4.5334257e-01   4.9818382e+02   1.0000000e+00
   1.0276104e+00  -5.0212455e-01   4.6349418e+02   1.0000000e+00
   1.0679102e+00  -5.1645165e-01   4.6258647e+02   1.0000000e+00
   1.0084763e+00  -4.3386499e-01   4.9907936e+02   1.0000000e+00
   1.0105342e+00  -4.8113167e-01   4.8663070e+02   1.0000000e+00
   9.7853399e-01  -5.4693149e-01   4.8146766e+02   1.0000000e+00
   9.6024748e-01  -5.2932355e-01   4.9228515e+02   1.0000000e+00
   1.0033810e+00  -4.6062520e-01   4.8886338e+02   1.0000000e+00
   9.2043485e-01  -4.4859324e-01   5.2323558e+02   1.0000000e+00
   9.2607520e-01  -5.8824788e-01   4.8940494e+02   1.0000000e+00
   9.4336481e-01  -3.5637706e-01   4.9608132e+02   1.0000000e+00
   1.0190972e+00  -5.0287465e-01   4.8821409e+02   1.0000000e+00
   1.0656715e+00  -3.5976325e-01   4.6916522e+02   1.0000000e+00
   1.0854852e+00  -3.3225888e-01   4.6991349e+02   1.0000000e+00
   1.0363496e+00  -4.9166044e-01   4.8276462e+02   1.0000000e+00
   1.0065584e+00  -4.1665269e-01   4.9935717e+02   1.0000000e+00
   9.0149110e-01  -5.1926392e-01   5.0886178e+02   1.0000000e+00
   1.0151476e+00  -6.1795821e-01   4.7827400e+02   1.0000000e+00
   1.0184880e+00  -5.2268975e-01   4.7681706e+02   1.0000000e+00
   1.0667867e+00  -3.8630608e-01   4.8294649e+02   1.0000000e+00
   9.6540079e-01  -3.7714099e-01   5.0055817e+02   1.0000000e+00
   1.0373514e+00  -5.5467291e-01   4.6481424e+02   1.0000000e+00
   9.2708065e-01  -5.4388711e-01   4.9915050e+02   1.0000000e+00
   8.6194147e-01  -5.4613721e-01   5.2120705e+02   1.0000000e+00
   9.1158187e-01  -3.7403984e-01   5.1697091e+02   1.0000000e+00
   1.0363675e+00  -5.8283017e-01   4.7394891e+02   1.0000000e+00
   1.0361815e+00  -4.4502793e-01   4.8201342e+02   1.0000000e+00
   9.9854200e-01  -4.6644025e-01   4.9311740e+02   1.0000000e+00
   1.0166966e+00  -5.7013540e-01   4.7046296e+02   1.0000000e+00
   9.5965636e-01  -5.1801282e-01   4.8802047e+02   1.0000000e+00
   9.7197610e-01  -4.9127525e-01   4.9532991e+02   1.0000000e+00
   9.8492611e-01  -5.8060702e-01   4.7864214e+02   1.0000000e+00
   9.7967622e-01  -4.3871346e-01   4.9442257e+02   1.0000000e+00
   9.2688964e-01  -5.4878615e-01   5.0074752e+02   1.0000000e+00
   9.6650634e-01  -6.3086469e-01   4.8036583e+02   1.0000000e+00
   1.1066675e+00  -5.0902198e-01   4.7091909e+02   1.0000000e+00
   1.0243276e+00  -3.9398523e-01   4.8314170e+02   1.0000000e+00
   1.1748522e+00  -5.3634325e-01   4.5723668e+02   1.0000000e+00
   1.0766582e+00  -5.6370004e-01   4.5808629e+02   1.0000000e+00
   8.7060826e-01  -5.6707051e-01   5.1841747e+02   1.0000000e+00
   1.0761616e+00  -4.0425385e-01   4.7561928e+02   1.0000000e+00
   9.9553156e-01  -4.3914868e-01   4.9459785e+02   1.0000000e+00
   1.1321832e+00  -4.0352919e-01   4.5895346e+02   1.0000000e+00
   1.0568141e+00  -5.1832310e-01   4.7151138e+02   1.0000000e+00
   1.1135642e+00  -5.2808107e-01   4.6202892e+02   1.0000000e+00
   9.8043072e-01  -5.2307622e-01   4.8695731e+02   1.0000000e+00
   8.8848082e-01  -4.7385216e-01   5.1626163e+02   1.0000000e+00
   9.2480103e-01  -5.1778746e-01   5.0389931e+02   1.0000000e+00
   8.8623528e-01  -4.5389451e-01   5.1524999e+02   1.0000000e+00
   9.2484738e-01  -4.0643558e-01   5.0737020e+02   1.0000000e+00
   9.2260128e-01  -5.3492452e-01   5.0350155e+02   1.0000000e+00
   1.0030331e+00  -5.3915787e-01   4.8597237e+02   1.0000000e+00
   1.0504306e+00  -4.9710229e-01   4.8542864e+02   1.0000000e+00
   9.7072700e-01  -5.7214577e-01   4.9331465e+02   1.0000000e+00
   1.0100930e+00  -6.1432201e-01   4.8394549e+02   1.0000000e+00
   1.0428072e+00  -5.6749090e-01   4.7303502e+02   1.0000000e+00
   9.7149891e-01  -5.4877594e-01   4.7640386e+02   1.0000000e+00
   8.8733952e-01  -5.3016086e-01   5.0666662e+02   1.0000000e+00
   9.6536889e-01  -5.5659318e-01   4.9715193e+02   1.0000000e+00
   9.6879612e-01  -3.8158654e-01   4.9919320e+02   1.0000000e+00
   1.0528413e+00  -5.9495105e-01   4.6357618e+02   1.0000000e+00
   9.8655250e-01  -5.4713676e-01   4.8611615e+02   1.0000000e+00
   9.1521255e-01  -4.1156555e-01   5.1137416e+02   1.0000000e+00
   1.1160880e+00  -5.0676144e-01   4.6700254e+02   1.0000000e+00
   1.0370595e+00  -5.7389929e-01   4.7000195e+02   1.0000000e+00
   9.9048574e-01  -5.6668878e-01   4.9955581e+02   1.0000000e+00
   9.5081404e-01  -4.5632739e-01   4.9759751e+02   1.0000000e+00
   1.0760373e+00  -5.1314838e-01   4.7392410e+02   1.0000000e+00
   1.0740976e+00  -4.9811427e-01   4.6544546e+02   1.0000000e+00
   1.0395972e+00  -5.4799760e-01   4.8052908e+02   1.0000000e+00
   1.0691356e+00  -4.9936386e-01   4.6825198e+02   1.0000000e+00
   9.1623976e-01  -4.6505543e-01   5.1224538e+02   1.0000000e+00
   9.8741092e-01  -4.9505835e-01   4.9236129e+02   1.0000000e+00
   1.1121540e+00  -5.2811738e-01   4.5122577e+02   1.0000000e+00
   1.0303316e+00  -5.2395459e-01   4.7333623e+02   1.0000000e+00
   8.6775349e-01  -5.1541950e-01   5.1268426e+02   1.0000000e+00
   8.6342812e-01  -4.5159012e-01   5.2017954e+02   1.0000000e+00
   9.0472810e-01  -4.4691634e-01   5.0379996e+02   1.0000000e+00
   9.6213759e-01  -5.3838498e-01   4.8565946e+02   1.0000000e+00
   1.0292529e+00  -5.3012203e-01   4.8143373e+02   1.0000000e+00
   1.0579064e+00  -5.2320622e-01   4.6739390e+02   1.0000000e+00
   9.6845285e-01  -4.7739769e-01   4.9717996e+02   1.0000000e+00
   1.0816218e+00  -5.9018225e-01   4.5339843e+02   1.0000000e+00
   1.0677652e+00  -4.7689968e-01   4.7282233e+02   1.0000000e+00
   1.0586852e+00  -4.8342015e-01   4.7475234e+02   1.0000000e+00
   1.0293217e+00  -5.2460385e-01   4.6936287e+02   1.0000000e+00
   1.0091044e+00  -5.4347871e-01   4.8229313e+02   1.0000000e+00
   9.7443179e-01  -4.3858045e-01   4.9671639e+02   1.0000000e+00
   8.7823982e-01  -5.6012858e-01   5.1652399e+02   1.0000000e+00
   1.0099017e+00  -5.4075866e-01   4.7863968e+02   1.0000000e+00
   1.0029800e+00  -5.0417367e-01   4.7854122e+02   1.0000000e+00
   1.0374664e+00  -4.4015676e-01   4.7919456e+02   1.0000000e+00
   9.6476582e-01  -4.4729344e-01   4.9882666e+02   1.0000000e+00
   8.9069052e-01  -5.2766542e-01   5.1516061e+02   1.0000000e+00
   1.0344096e+00  -5.0576273e-01   4.7571431e+02   1.0000000e+00
   1.0085182e+00  -4.5936152e-01   4.7961764e+02   1.0000000e+00
   1.0323232e+00  -6.2294411e-01   4.6646575e+02   1.0000000e+00
   9.9465479e-01  -5.0296751e-01   4.7644689e+02   1.0000000e+00
   1.0372339e+00  -5.2114528e-01   4.7642989e+02   1.0000000e+00
   1.0036397e+00  -5.5943205e-01   4.8769656e+02   1.0000000e+00
   1.0524144e+00  -4.8774119e-01   4.7960148e+02   1.0000000e+00
   9.7834217e-01  -4.4753266e-01   4.8737618e+02   1.0000000e+00
   9.5325167e-01  -5.6439251e-01   4.8494285e+02   1.0000000e+00
   1.0398529e+00  -3.9429599e-01   4.6804817e+02   1.0000000e+00
   1.0016235e+00  -4.8766255e-01   4.8917507e+02   1.0000000e+00
   9.5602760e-01  -3.5725963e-01   5.0063104e+02   1.0000000e+00
   1.0096149e+00  -5.5940077e-01   4.7797593e+02   1.0000000e+00
   9.3862851e-01  -4.3317170e-01   5.0663259e+02   1.0000000e+00
   1.0406320e+00  -5.0421177e-01   4.7433282e+02   1.0000000e+00
   9.4192448e-01  -5.5585716e-01   4.9735802e+02   1.0000000e+00
   1.0094878e+00  -4.0441538e-01   4.8728638e+02   1.0000000e+00
   1.0848116e+00  -5.1421785e-01   4.6641196e+02   1.0000000e+00
   9.5267369e-01  -5.1702890e-01   4.8965726e+02   1.0000000e+00
   9.2125461e-01  -4.7296425e-01   5.1460034e+02   1.0000000e+00
   9.4750315e-01  -5.0593839e-01   4.9979045e+02   1.0000000e+00
   9.1286799e-01  -3.7775026e-01   5.0840709e+02   1.0000000e+00
   9.9482325e-01  -6.3501464e-01   4.8440424e+02   1.0000000e+00
   1.0325432e+00  -5.8972198e-01   4.6656273e+02   1.0000000e+00
   9.2220434e-01  -4.9699407e-01   5.1269421e+02   1.0000000e+00
   9.5763684e-01  -5.7119636e-01   4.9378067e+02   1.0000000e+00
   9.4247863e-01  -4.4528342e-01   5.0401934e+02   1.0000000e+00
   1.1277245e+00  -5.7277869e-01   4.5940607e+02   1.0000000e+00
   9.9745604e-01  -4.7658970e-01   4.8357191e+02   1.0000000e+00
   1.0095648e+00  -4.3529745e-01   4.8897704e+02   1.0000000e+00
   9.5473809e-01  -4.3360635e-01   5.0463282e+02   1.0000000e+00
   1.0113742e+00  -4.4874116e-01   4.8694091e+02   1.0000000e+00
   1.0089547e+00  -4.2390594e-01   4.8455357e+02   1.0000000e+00
   1.0012331e+00  -4.7570253e-01   4.8779908e+02   1.0000000e+00
   1.0485410e+00  -6.4075783e-01   4.5504836e+02   1.0000000e+00
   1.0029629e+00  -4.4131941e-01   4.8176693e+02   1.0000000e+00
   9.9121900e-01  -4.4496893e-01   4.9690648e+02   1.0000000e+00
   9.8999929e-01  -3.9498057e-01   5.0133879e+02   1.0000000e+00
   1.0275344e+00  -5.4121244e-01   4.8014900e+02   1.0000000e+00
   1.0088287e+00  -5.9496487e-01   4.8558140e+02   1.0000000e+00
   1.0002749e+00  -5.1832602e-01   4.9221653e+02   1.0000000e+00
   9.9239190e-01  -4.0486057e-01   4.8909913e+02   1.0000000e+00
   1.1038997e+00  -5.8320365e-01   4.6112876e+02   1.0000000e+00
   9.1989611e-01  -4.6364790e-01   5.1543521e+02   1.0000000e+00
   1.0470569e+00  -4.3062844e-01   4.7506391e+02   1.0000000e+00
   1.0309213e+00  -3.9874664e-01   4.8589573e+02   1.0000000e+00
   9.2671614e-01  -5.5602204e-01   4.8526043e+02   1.0000000e+00
   9.5753883e-01  -5.0656367e-01   4.8566041e+02   1.0000000e+00
   1.1036864e+00  -6.1389053e-01   4.6775004e+02   1.0000000e+00
   9.9104648e-01  -5.9923171e-01   4.9006214e+02   1.0000000e+00
   1.0428852e+00  -5.0492440e-01   4.8398072e+02   1.0000000e+00
   9.4435875e-01  -3.3085930e-01   5.0933249e+02   1.0000000e+00
   9.1419613e-01  -5.6430452e-01   4.9926818e+02   1.0000000e+00
   8.9388605e-01  -5.9759597e-01   5.0500476e+02   1.0000000e+00
   1.0366632e+00  -4.5889430e-01   4.7560798e+02   1.0000000e+00
   1.0524896e+00  -6.0128090e-01   4.7480973e+02   1.0000000e+00
   9.4882193e-01  -5.3935666e-01   4.9822444e+02   1.0000000e+00
   1.1327486e+00  -4.8536575e-01   4.5501708e+02   1.0000000e+00
   9.5172300e-01  -5.1229112e-01   4.9549389e+02   1.0000000e+00
   9.1424449e-01  -5.5364375e-01   5.0159477e+02   1.0000000e+00
   1.0200747e+00  -6.0866604e-01   4.7026135e+02   1.0000000e+00
   9.1242562e-01  -5.7611104e-01   5.0282906e+02   1.0000000e+00
   1.0240669e+00  -5.3359110e-01   4.8544648e+02   1.0000000e+00
   9.1474612e-01  -3.7848154e-01   5.0490100e+02   1.0000000e+00
   1.0563600e+00  -4.4179309e-01   4.7322585e+02   1.0000000e+00
   1.0435464e+00  -3.5145336e-01   4.7764022e+02   1.0000000e+00
   9.7422965e-01  -4.9201132e-01   5.0185044e+02   1.0000000e+00
   9.4948681e-01  -5.0204251e-01   4.9166090e+02   1.0000000e+00
   9.6585420e-01  -4.7012533e-01   4.8769408e+02   1.0000000e+00
   9.4973932e-01  -4.8206025e-01   5.0297822e+02   1.0000000e+00
   1.0312400e+00  -5.4245218e-01   4.8044250e+02   1.0000000e+00
   1.0539404e+00  -5.9659337e-01   4.6898747e+02   1.0000000e+00
   1.0417582e+00  -4.4394632e-01   4.6440843e+02   1.0000000e+00
   9.4517780e-01  -4.4009724e-01   5.0916186e+02   1.0000000e+00
   1.0088572e+00  -5.0955142e-01   4.8566702e+02   1.0000000e+00
   1.0410758e+00  -3.8130235e-01   4.8303535e+02   1.0000000e+00
   9.5914770e-01  -5.0043739e-01   4.9734430e+02   1.0000000e+00
   1.0282127e+00  -5.8813089e-01   4.6872660e+02   1.0000000e+00
   1.0283746e+00  -4.7080468e-01   4.7877102e+02   1.0000000e+00
   1.1195023e+00  -6.7186870e-01   4.5048385e+02   1.0000000e+00
   9.0564802e-01  -3.9407047e-01   5.1352569e+02   1.0000000e+00
   1.0041097e+00  -4.2181204e-01   4.8363884e+02   1.0000000e+00
   1.0316457e+00  -5.2310348e-01   4.9389302e+02   1.0000000e+00
   9.9772313e-01  -5.4417076e-01   4.8272685e+02   1.0000000e+00
   9.2629068e-01  -4.8133482e-01   5.0650644e+02   1.0000000e+00
   9.9090052e-01  -5.7311406e-01   4.8578079e+02   1.0000000e+00
   1.1095368e+00  -5.8335443e-01   4.5848700e+02   1.0000000e+00
   9.5764648e-01  -5.6398720e-01   4.8237300e+02   1.0000000e+00
   1.1382275e+00  -4.6197394e-01   4.5176678e+02   1.0000000e+00
   9.8712193e-01  -4.6606779e-01   4.9712442e+02   1.0000000e+00
   1.0503905e+00  -5.8644117e-01   4.6687542e+02   1.0000000e+00
   1.0093933e+00  -4.3152545e-01   4.8222966e+02   1.0000000e+00
   1.0575038e+00  -4.0630178e-01   4.7365473e+02   1.0000000e+00
   1.0497222e+00  -5.4758481e-01   4.7476896e+02   1.0000000e+00
   9.3644920e-01  -5.1709860e-01   5.0152512e+02   1.0000000e+00
   9.7786631e-01  -5.1853546e-01   4.8754750e+02   1.0000000e+00
   9.7722332e-01  -5.3946130e-01   4.8593730e+02   1.0000000e+00
   9.3458494e-01  -6.6246753e-01   4.8767986e+02   1.0000000e+00
   9.8471225e-01  -5.5046695e-01   4.8780099e+02   1.0000000e+00
   1.0368498e+00  -5.4581471e-01   4.7694992e+02   1.0000000e+00
   9.7003515e-01  -3.6277045e-01   5.1092470e+02   1.0000000e+00
   1.0466264e+00  -4.6180000e-01   4.7405629e+02   1.0000000e+00
   1.1044032e+00  -5.4507507e-01   4.6504439e+02   1.0000000e+00
   9.7690552e-01  -4.0446633e-01   4.9351108e+02   1.0000000e+00
   1.0142624e+00  -5.6963000e-01   4.8591120e+02   1.0000000e+00
   1.0805793e+00  -4.2567823e-01   4.7409346e+02   1.0000000e+00
   8.8535233e-01  -5.4046901e-01   5.0571519e+02   1.0000000e+00
   9.9287503e-01  -4.0118475e-01   4.9802416e+02   1.0000000e+00
   1.0054678e+00  -4.2168022e-01   4.9194868e+02   1.0000000e+00
   9.9336051e-01  -5.5271487e-01   4.9391848e+02   1.0000000e+00
   9.9557075e-01  -5.2448143e-01   4.8373547e+02   1.0000000e+00
   9.2591438e-01  -4.6867612e-01   4.9756367e+02   1.0000000e+00
   1.0818053e+00  -4.2853765e-01   4.7031176e+02   1.0000000e+00
