  -4.5850259e-01
   7.9294575e-01
   5.6006343e-01
   7.8367873e-01
   8.6632436e-02
  -9.2005473e-01
   2.0304207e-01
  -3.6707001e-01
  -5.8046460e-01
   7.8282331e-01
  -2.2952678e-01
  -1.4088373e-01
   1.0298975e+00
   7.4852673e-01
  -1.1978925e+00
  -1.2188727e+00
  -7.6211610e-01
  -1.3248565e+00
  -1.6074218e-02
   1.3783196e+00
   8.5248369e-01
   1.4356411e-01
  -1.2610257e+00
  -1.5983992e+00
   8.2881617e-01
  -1.2436277e+00
   1.4455956e-01
   1.2098449e+00
  -5.8758762e-01
  -1.7292339e+00
  -1.5343650e+00
  -5.7397409e-01
   1.2380745e+00
  -1.0013452e+00
  -1.3592288e+00
  -2.4606094e+00
   9.3690627e-01
  -5.5539619e-01
  -3.2458071e-01
  -1.4220830e+00
  -2.9570174e-01
  -2.0567356e-01
  -6.0862406e-02
  -2.2446583e-01
  -1.2796892e+00
   3.8881520e-01
  -4.4761304e-01
  -2.3042420e-01
  -7.2517039e-01
  -4.2118519e-01
   4.4608244e-01
   6.5109730e-02
  -3.2845176e-01
  -1.1107203e-01
  -9.8955986e-01
   5.0952012e-01
  -7.3083177e-01
   2.2248803e+00
   2.5570984e-02
   2.2973847e-03
  -8.7142633e-01
  -3.5611179e-01
  -9.9700352e-02
   1.7562255e+00
  -8.1563685e-01
  -7.8926840e-01
   7.7781085e-01
   9.0987958e-01
  -5.0770011e-01
  -9.3104155e-01
  -2.7029364e-01
   3.9288484e-01
   1.7155617e+00
   2.1636949e+00
   2.5379580e-01
  -5.9976761e-01
   3.4771929e-01
   1.2185294e+00
  -1.0326335e+00
  -6.2828822e-01
   1.4380275e+00
  -7.3195523e-01
   7.4495734e-01
  -1.5334613e+00
   7.0748197e-01
  -7.3318116e-01
   1.6098892e+00
  -4.2309020e-01
  -5.8491390e-02
   2.2187623e+00
  -4.5330246e-01
  -1.0808471e+00
   4.2544204e-01
   4.0196172e-01
  -1.1575568e+00
  -1.5333064e-01
   8.0350610e-01
   8.4285193e-01
   4.6034520e-01
   4.9194199e-01
   6.8625310e-01
   8.6905655e-01
   1.2903350e-01
   1.1279860e+00
  -1.1339084e+00
  -2.0275404e-01
  -6.0870182e-01
  -1.2136951e-01
  -7.4952909e-03
   6.4829013e-01
  -6.2066979e-03
   2.3179628e-01
   4.7718185e-01
  -1.6957545e-01
  -1.2941195e+00
  -5.0988592e-01
  -6.3608455e-01
  -5.7493613e-01
   9.1487929e-02
   3.1691372e-01
   1.3753683e-04
  -6.1787834e-01
   4.9370905e-01
  -1.2156330e+00
  -2.9435691e+00
  -4.9436218e-02
   6.6517557e-01
  -1.9072753e+00
  -1.4211537e+00
  -3.5623453e-01
   4.8563933e-01
  -1.4855172e+00
  -1.5507719e+00
  -1.1913247e-01
   8.3575453e-01
   5.9182855e-01
  -8.4384219e-01
   3.4421918e-01
  -2.2418793e-01
   7.8611967e-01
  -8.1085045e-01
   9.3071791e-02
  -2.0217907e+00
  -9.2611948e-01
  -5.1449660e-02
  -1.2340878e+00
   3.9506103e-01
   6.5906018e-02
   5.8194747e-01
  -2.6522350e-01
   2.9157674e+00
   8.5898409e-02
  -1.8530300e-02
   9.4516671e-01
   2.4335217e-01
  -3.5955113e-01
  -3.4647097e-02
  -1.8243641e+00
  -3.8458413e-01
  -1.2032964e+00
  -1.3033550e-01
  -9.9242466e-01
   3.7437573e-02
  -1.6653716e+00
   1.9908077e-01
  -4.5379278e-01
   1.3679001e-01
   1.0820576e+00
  -2.2027965e-01
   2.2442805e-01
  -6.5769463e-01
   2.3177957e+00
   9.1255048e-01
  -7.4689671e-01
  -5.2295283e-03
   1.0037136e+00
   7.0677161e-01
   9.3420219e-01
  -1.3753244e-01
   7.2243884e-01
   2.5431026e+00
  -1.8168350e-01
   1.1278108e-01
  -5.2171602e-01
  -1.7331452e-01
  -1.4269057e-01
   1.6868327e+00
  -1.1225294e+00
   1.3207844e+00
   2.4377224e-01
   3.0422859e-01
  -7.0443843e-01
  -1.7744193e+00
  -5.2325903e-01
  -1.0093349e+00
   4.0025075e-01
   1.3848187e+00
   1.9295593e-01
   1.1633020e-01
   2.3591117e-01
  -5.5961322e-01
  -3.4839698e-01
   4.0175407e-01
   7.6617556e-01
  -6.4970255e-01
  -6.2066767e-01
   5.8842996e-01
  -3.6044584e-01
  -1.6920011e+00
  -1.3548394e+00
  -1.3178621e-01
   3.1008166e-01
   1.1469728e+00
   4.4210728e-01
  -5.7912077e-01
   1.0125739e+00
  -7.3462881e-01
  -1.5799809e-01
  -3.0073142e-01
  -3.3428122e-01
  -1.2963941e+00
  -2.1761669e-01
  -1.0594523e+00
   8.0868087e-01
   1.1854327e-02
   1.0600028e+00
   1.0888926e+00
  -1.8421223e-01
   8.5608103e-01
   5.1394631e-01
  -9.7184711e-01
   9.8424614e-02
   6.7222362e-01
  -6.1107805e-01
  -1.9048363e+00
  -6.5866395e-01
   9.4363865e-01
   1.2566790e+00
   5.8604751e-01
  -1.6779235e+00
   7.2176097e-01
   7.5034182e-02
   8.4590606e-01
   6.5648265e-01
   4.1421058e-01
   1.3395441e+00
   7.2530386e-01
   6.1295037e-01
   5.5905992e-01
   1.1105622e+00
  -6.1181396e-01
  -9.6056262e-01
   1.2652713e+00
   1.3832103e-01
   2.0837372e-01
   4.2976640e-01
  -1.5403613e+00
   1.4075379e+00
  -2.8181055e+00
   7.3203680e-01
   1.0517465e-01
   1.1086934e+00
  -6.1932614e-01
  -5.9003401e-01
   2.6490403e-02
   7.6160770e-01
   1.3515491e-01
   5.2331122e-01
  -1.9376206e-01
   1.5739515e+00
   7.8463621e-01
  -5.3571672e-01
   4.0965095e-01
   2.6830348e-01
   8.4193313e-01
  -9.8476964e-01
  -9.7652925e-01
  -6.3423956e-01
  -6.8401141e-01
   7.8143948e-01
  -1.4132114e+00
   3.7947158e-01
   1.1456572e-01
  -2.5889849e-01
  -1.8051714e+00
   4.6694834e-01
  -5.1736931e-01
  -4.6662996e-01
  -4.5324572e-01
   5.1351272e-01
  -1.4327697e+00
   2.0887708e-01
  -2.7690142e+00
   2.4442499e+00
   1.8088919e-01
  -7.1467363e-01
  -1.6326521e+00
   7.2689757e-01
   1.5443707e+00
  -1.4226653e+00
   5.1723318e-01
  -2.6863309e-01
   1.6383673e+00
   1.1292946e+00
   6.1075750e-01
   9.5703920e-01
  -1.3039300e+00
   3.4600014e-01
   7.8365236e-01
   5.2213629e-01
   1.0895354e-01
   6.4247544e-01
   6.8385867e-01
  -1.6524550e+00
   2.1256473e-01
  -9.9189994e-01
   1.0419095e+00
  -1.0451980e+00
  -1.0079756e+00
  -9.5743087e-01
  -2.3067752e-01
   2.2403001e-01
   1.9429410e-01
   2.1168081e+00
  -6.0977435e-01
  -1.3001396e-01
   4.1067886e-01
   2.4325720e-01
   7.0766633e-01
  -1.0976311e+00
  -4.1588781e-02
   4.4275586e-01
  -1.3362601e+00
  -8.8285734e-01
  -1.9418709e+00
  -1.0799495e-01
  -1.8935226e+00
   4.9536830e-01
  -9.2345816e-01
  -6.8786178e-01
  -1.4749288e-01
  -1.6240441e+00
  -1.1789201e+00
  -2.0546483e+00
   9.3328987e-01
   2.1655263e-01
  -4.3036768e-01
  -3.5521863e-01
  -1.6642199e-01
   1.2192747e+00
  -4.2618639e-01
   4.1129588e-01
   3.8847188e-01
  -1.4772190e+00
   1.9961853e-02
   8.4499592e-01
  -1.3448686e+00
   4.6183068e-01
  -2.7432799e+00
  -1.1025365e+00
  -1.2048201e+00
  -9.0867138e-02
   9.6456825e-01
  -3.5170764e-01
  -1.1281766e+00
   6.1028455e-01
   2.6544529e-02
  -6.9818777e-01
   1.4281104e+00
   1.9915570e+00
  -8.7471864e-01
  -3.3882364e-01
   1.6181170e-01
   1.8037806e+00
  -5.8259014e-01
   2.9058966e-01
  -6.8852486e-01
  -2.8319366e-01
   1.4143115e+00
  -1.0272958e+00
  -1.1935096e+00
   8.1574470e-02
  -1.8779970e+00
  -5.8971063e-01
  -4.9284304e-01
  -5.4566800e-01
   4.8082392e-01
  -1.8376628e+00
  -4.1574546e-01
   6.7111105e-01
  -1.3294653e+00
   4.4137576e-01
   2.6229986e-01
  -1.3552723e+00
  -9.7310417e-01
   4.7237029e-01
  -1.5530844e-01
  -7.3495045e-02
   8.9469689e-01
  -2.0985645e+00
   2.0329338e+00
  -4.8472995e-01
  -1.0956499e+00
  -1.3014728e-01
   2.5579313e-01
  -2.8498099e-01
  -3.7816279e-01
   1.0472304e-01
   1.0109028e+00
  -2.3625250e-01
   1.4838090e+00
   4.4736006e-01
  -1.0072733e+00
  -7.0376492e-01
  -3.8847221e-01
   2.9117622e-01
   1.0608197e+00
   2.2784800e+00
  -4.8973819e-01
  -6.5812085e-02
   3.8307833e-01
   1.0336755e-01
  -4.4450372e-01
  -8.6781170e-01
   6.0042413e-01
  -1.2092174e+00
   1.6728280e+00
   1.8530212e+00
   7.4693795e-01
  -2.3452781e-02
   6.4707523e-01
  -4.5052310e-01
   4.5247557e-01
   3.2499074e-01
  -6.3913952e-01
  -5.7682671e-01
  -4.5805868e-01
  -2.0031817e-01
   1.3372520e-01
  -2.0380640e+00
   3.3859078e-01
  -1.0160315e+00
  -1.2120383e-01
  -2.6088601e-01
  -5.8075528e-01
  -3.2394939e-01
  -1.4369444e+00
  -1.3496415e+00
   3.0534643e-01
   3.4060846e-01
  -6.0562047e-01
  -7.2874186e-01
  -1.1924092e+00
   2.5869770e+00
  -6.1819658e-01
   1.2262919e-01
   1.0208102e-01
  -5.6587182e-01
  -4.8330026e-01
   2.2581042e+00
   2.0389812e-01
   6.4253223e-01
  -2.7435079e-02
   3.7542349e-01
   2.5200358e-01
  -1.1430470e+00
  -6.5471764e-01
  -1.2095863e-01
  -2.4990846e-01
  -4.6627555e-01
  -1.2025691e+00
   1.4143942e+00
  -3.1031612e-01
  -7.0313427e-01
  -2.8319209e-01
   5.9481923e-01
  -1.5045050e+00
  -9.0745978e-01
   9.3695520e-01
   6.6287218e-01
   5.6421800e-01
   8.4253223e-01
  -2.5904846e+00
   3.6678293e-01
   1.3383905e+00
  -1.1544271e+00
  -5.2640203e-01
   9.2916958e-02
  -5.1744299e-01
   4.4837840e-01
  -2.4978648e+00
  -1.8022129e+00
   4.3388505e-01
   1.3817162e+00
   1.4689675e+00
   1.4310340e+00
  -9.6309258e-01
  -1.6001443e+00
  -1.2787860e+00
   1.2204907e-01
   6.2292209e-01
   1.0872127e-01
   9.1536090e-01
  -4.9434224e-01
   9.2956367e-01
  -1.5588646e+00
  -1.4905993e+00
  -3.3515287e-01
   1.5072700e-01
   3.2474404e+00
  -5.1608213e-01
  -3.8182744e-01
  -2.6516074e-01
  -6.4298062e-01
  -1.1911917e+00
   5.0178005e-02
  -5.1235924e-01
   1.5947362e+00
   8.6294871e-01
   1.3502352e+00
  -1.4873617e+00
   1.6568613e-01
  -1.8394103e+00
   1.0318743e+00
  -1.7829347e+00
  -9.4397272e-01
  -2.8620440e-01
  -3.0730573e-01
  -8.4782560e-01
  -1.1589060e+00
  -7.8925890e-01
  -5.5410445e-01
   3.1098199e+00
  -1.4697228e+00
   1.1848402e+00
  -1.1660232e+00
  -1.4209895e+00
  -5.4912419e-01
  -5.9330966e-01
  -1.2057074e-01
   1.2948980e+00
   5.4463699e-01
  -3.7385571e-01
  -5.6501060e-02
   1.0832162e+00
   7.3679205e-01
  -6.7353782e-01
  -6.9468516e-01
   1.2523490e+00
  -5.7896243e-01
  -7.7514451e-02
  -6.5655772e-01
   1.9834995e+00
   4.9812125e-03
   3.7359795e-02
  -9.0917401e-01
   3.6035209e-02
  -3.3825585e-01
  -9.6074593e-01
  -1.5895769e+00
   6.0743889e-02
   1.3489262e+00
   1.2757459e+00
  -3.3438313e-03
   4.4101198e-01
  -1.7082106e-01
  -9.5495226e-01
  -1.4384759e+00
   6.4490518e-01
   1.1693380e+00
  -1.2990903e+00
  -2.8571306e-01
   4.0389491e-01
  -7.1466408e-01
   4.2085483e-01
   6.1177340e-01
   4.1818633e-01
   1.1359715e+00
   1.3260630e+00
   1.0161645e-01
   1.3808159e+00
  -1.0276397e-01
   4.0590983e-01
   1.2200856e+00
   5.1973487e-01
  -7.7636969e-01
   3.7484361e-01
  -6.1368885e-01
  -6.9720834e-01
   3.7847965e-01
  -1.8756571e+00
  -1.9240371e-02
   9.7692539e-01
  -2.7957323e-01
  -1.7175137e+00
  -1.0931143e-01
   1.1658295e+00
   6.6508194e-01
   3.3398124e-01
  -1.0340075e+00
  -8.7508068e-01
  -3.7227432e-02
   2.1195998e+00
  -9.5682509e-01
   3.5116582e-01
  -3.5795931e-02
  -1.8512807e+00
   1.9771382e+00
  -5.8536130e-01
   6.3900998e-01
   6.8449953e-01
   1.8148684e-01
   4.4625368e-01
  -8.2961245e-01
  -6.1839412e-01
   4.1933495e-01
  -3.2526131e-01
   5.4189890e-01
   1.4878440e+00
  -1.1147591e+00
   1.5018017e+00
  -1.5440006e-01
   2.1944846e+00
   3.0527929e-01
   1.1807377e+00
   4.1798545e-02
   5.0722666e-02
  -7.4335230e-01
  -5.3775188e-01
  -6.9209687e-01
  -1.2742338e+00
  -2.8808444e+00
  -9.2050935e-01
  -1.0069768e+00
   1.4045381e+00
  -1.9135821e+00
  -9.7065708e-01
   5.5535089e-01
   1.4581970e+00
  -4.3873659e-01
  -1.4182833e+00
   6.0862351e-01
   4.7143639e-01
  -4.0939057e-01
  -5.3157042e-02
   4.8172270e-01
  -3.0728627e-01
   7.8687051e-01
   1.2361170e+00
   7.2091972e-01
  -6.9641647e-01
   2.3225162e+00
  -6.8491856e-02
   2.8557228e-01
   4.3069222e-01
   8.2953330e-01
  -6.3977394e-01
  -1.6054793e-01
   1.0804215e+00
   6.7692226e-01
   1.0052815e+00
   1.7481098e+00
  -1.0078205e+00
  -9.5444528e-01
   4.6046094e-01
   8.4241086e-01
   2.6273337e-01
   6.2975508e-01
  -5.9381307e-01
  -6.5030525e-01
  -8.6071032e-03
  -3.1955754e-01
   1.1383948e-01
   3.7487639e-01
  -1.2056760e+00
  -3.9319671e-02
   2.0444235e+00
  -6.1683348e-01
  -1.4141753e+00
   4.4471250e-01
   2.1325925e-02
  -9.7370706e-01
   2.5171357e+00
  -8.8540824e-02
   8.5438843e-01
  -5.8334059e-01
  -1.6245894e+00
  -5.5071721e-01
  -3.4791816e-01
   1.0111540e+00
  -7.0509049e-01
  -2.4524571e-01
   7.9572093e-01
   2.1255232e-01
  -6.4630751e-01
  -1.4600417e+00
   1.0574653e+00
   1.0716138e+00
   1.0899955e+00
   9.9440716e-01
   9.5888569e-01
   8.0036633e-01
  -1.0489111e+00
  -5.1936725e-01
   4.8953344e-01
   1.5903037e+00
   6.1773550e-01
  -8.8548099e-01
   8.7545876e-01
   1.4702948e+00
  -5.0995325e-01
  -9.9751693e-01
  -5.6012342e-01
   8.1878308e-01
   1.2714143e+00
   3.9060675e-01
  -1.4979174e+00
  -3.0167960e-01
  -1.3031909e+00
   2.0126998e+00
   1.1521494e+00
   3.3904628e-02
  -1.9344349e-01
  -1.1807183e+00
  -4.2647107e-01
  -1.4823923e+00
   7.6470999e-01
   7.6678358e-02
  -1.1204034e+00
  -1.0541875e+00
  -6.9383394e-01
  -2.3581164e-01
  -5.8638371e-01
  -7.5393491e-01
   3.6887315e-01
  -1.4213429e+00
  -7.3995723e-02
   1.6925579e+00
   4.0838611e-01
  -9.8632848e-01
  -1.7224683e+00
  -5.4083983e-01
   5.7302465e-01
  -1.4053633e+00
   9.7827661e-01
  -1.0980832e+00
  -2.1963524e+00
   1.1902198e+00
   1.4241165e+00
  -1.6886447e+00
  -5.7771919e-01
   1.4820035e+00
  -8.8569229e-01
  -1.0749518e+00
   4.9820607e-01
   1.3527825e+00
  -1.1545056e+00
   3.9604300e-02
   5.4762232e-01
  -1.7760138e+00
  -1.2042464e+00
   2.2153290e+00
  -7.1728169e-01
  -1.2365851e+00
   2.4388643e-01
  -1.7496784e-01
  -1.6067924e+00
   3.2370099e-01
  -4.5479005e-01
  -6.0864537e-01
   1.2000619e+00
  -2.1092604e+00
   8.0735139e-01
   8.6814075e-01
   1.6211319e+00
  -1.6627758e+00
  -6.8805039e-01
  -1.2329901e+00
   1.5859764e+00
   1.6526104e+00
   2.2723345e-01
  -8.4463650e-01
  -1.3602823e+00
   1.2997760e-01
  -5.1409014e-01
  -5.9204850e-01
  -1.0013849e+00
  -1.3122120e+00
  -1.0641386e-01
   1.8662972e-02
   3.4931928e-02
   8.8675152e-01
   7.0070077e-01
   5.8466817e-01
   2.7698949e-01
  -7.6549331e-02
   1.0761388e+00
   8.7123222e-01
  -8.5000291e-01
   1.3283127e+00
  -1.6847888e+00
   1.8920569e-01
   2.7325856e-01
   1.6676069e+00
  -3.7942929e-01
  -1.4044973e+00
   3.1360680e-01
  -2.5242878e+00
  -1.3473364e-01
   1.5566868e+00
   2.1107029e-01
  -7.0285481e-01
   1.1996318e+00
   1.6997134e+00
   5.5383955e-01
  -7.4280418e-01
  -4.3023277e-03
   2.5611091e+00
   4.8008508e-01
   3.7710491e-01
   4.0140796e-01
  -6.5150697e-01
  -8.8032291e-01
   5.7886085e-01
  -4.2917449e-01
  -3.2385447e-01
   5.9306235e-01
   8.0129699e-01
  -8.6829469e-01
   7.3872829e-01
  -4.7441992e-01
   2.5570201e-01
   1.4703514e+00
   1.5511869e-01
  -8.0752089e-02
   4.5276032e-01
   3.8227499e-03
  -9.0828240e-02
   5.5286266e-01
   1.9508137e+00
  -6.0580453e-02
  -1.1373373e+00
   1.1625950e-01
  -5.5530900e-01
  -1.1911918e+00
   1.3984429e+00
  -1.6606792e+00
   3.4184791e-01
  -1.9913788e-02
  -1.0278893e+00
  -5.3356593e-01
  -2.0258596e+00
   1.9421303e-01
   1.2929977e+00
  -1.4351129e+00
  -1.7406951e+00
   2.9807307e-02
   7.3592315e-01
   6.8898500e-01
  -4.3397747e-01
  -9.9244109e-01
  -3.8195750e-01
  -3.0088661e-01
   2.2875045e+00
  -3.7540921e-01
  -1.0260808e+00
   9.9732244e-02
   1.2995371e+00
   9.8751750e-01
   3.4921187e-01
  -7.9382661e-02
   5.7189762e-01
  -1.2833593e+00
  -3.3817822e-01
   5.3922054e-01
   2.8552785e+00
  -1.0465436e+00
  -2.3844963e-01
  -2.7878158e+00
  -8.2276494e-02
  -1.1630151e+00
   1.1061561e+00
   5.3083008e-01
  -2.2372921e+00
  -1.0295893e+00
   1.8672911e+00
  -2.6829779e-01
   1.0393390e-01
   1.1984862e+00
   1.4459987e+00
  -2.8050647e-01
  -7.3107722e-01
   1.3415470e-01
  -3.7605557e-01
  -1.8857923e+00
   4.3024775e-01
  -5.7397731e-01
   2.7993453e-01
   3.1553400e-01
   6.6043940e-01
   1.7334806e-01
  -5.9212938e-01
  -1.6645734e+00
  -8.4107623e-01
  -4.4925395e-01
   6.9697876e-01
   7.8702240e-01
  -7.9947802e-01
  -1.7220244e+00
  -8.8380196e-01
   1.1918952e-01
   3.8733903e-01
   5.7561737e-02
  -4.8265615e-01
   3.0425639e-01
  -4.1946324e-01
   1.7325707e-01
   1.5123904e+00
   5.7082763e-01
   2.3820328e-01
  -2.7025632e-01
   8.4821589e-01
   2.0176295e+00
   1.2339196e+00
   1.6034203e-01
  -3.9398413e-01
  -8.7584363e-01
  -2.8586744e-01
  -5.5526440e-01
  -1.8404653e-01
   1.3649774e-01
  -9.8176874e-01
  -1.0377615e+00
  -4.6627627e-01
  -6.6080271e-01
  -1.0338125e-02
  -8.9185632e-03
   1.3953257e+00
   1.0689636e+00
  -1.6153468e-01
   1.3353098e+00
  -9.6843767e-01
   2.0965248e-01
  -1.7876717e-01
   2.0684742e+00
   1.6210541e+00
  -1.0974227e+00
  -2.2132194e-01
  -8.5320678e-01
   6.9643963e-02
   5.4965532e-01
  -2.1702255e+00
  -1.2922061e+00
   6.4408740e-01
   1.3900426e+00
   2.8852934e-01
   5.7340404e-01
  -4.3852228e-01
   1.1940910e+00
   7.1080623e-01
   2.7166573e-01
  -9.3242608e-01
   8.4015685e-01
   1.0827539e+00
   7.2259783e-01
   1.1842653e+00
  -5.1449343e-01
   7.0173593e-01
  -6.3974359e-01
   8.1958558e-01
  -1.9011050e+00
   6.0960921e-01
  -2.6731677e-02
  -1.3215760e+00
   9.2452120e-01
  -5.0424072e-01
   1.9141621e+00
  -7.2453279e-01
   1.2464876e+00
   1.1664227e+00
  -7.2186309e-01
   2.8351931e+00
   1.7314778e+00
  -1.5956420e-01
  -7.3079192e-01
  -1.2593046e+00
   1.6513009e+00
  -1.0177365e+00
   2.4038571e+00
  -1.4722555e-01
   1.0486535e+00
   1.4465199e+00
  -1.3450637e+00
   8.6854596e-02
   4.9314568e-01
  -4.4844987e-01
  -2.2254540e+00
  -9.2793885e-01
   1.5317851e+00
  -2.1502139e+00
