   7.4441227e-01
   3.6196600e-01
   6.8979597e-01
   2.1589025e-01
   3.6595069e-02
   6.2640804e-01
   1.8710581e-01
   5.1877652e-01
   6.4406058e-02
   4.3165444e-02
   7.8495299e-01
   1.8016005e-01
   3.5739334e-01
   1.2173175e-02
   1.4435715e-02
   1.2196696e-01
   6.7176000e-03
   2.6615321e-01
   2.6937866e-02
   2.0833519e-01
   3.6117730e-01
   1.5248745e-02
   9.4869656e-02
   6.8368229e-01
   3.4693461e-02
   8.8676259e-02
   1.2566192e-01
   7.7865685e-02
   3.4315799e-01
   1.2750276e-01
   5.1258634e-02
   7.2916716e-01
   5.0907507e-01
   4.2861485e-02
   1.2017683e-01
   1.5811285e-01
   3.4828873e-01
   3.0512840e-01
   3.4044820e-02
   2.1588548e-01
   6.8554299e-01
   2.7179015e-02
   3.9816876e-01
   4.7721269e-02
   3.1455830e-02
   1.8000078e-01
   1.2834694e-01
   1.6001184e-01
   1.1757240e-01
   3.9151254e-02
   3.1633846e-01
   3.0893707e-02
   1.4154480e-01
   5.4048189e-01
   3.7070003e-01
   1.2938604e-01
   3.5735659e-01
   5.0734750e-01
   4.5527486e-01
   4.2142382e-02
   1.2679820e-01
   9.2782912e-03
   2.6556102e-01
   1.2953596e-01
   1.2812956e-01
   1.2124712e-01
   7.0680471e-01
   7.1814812e-02
   1.3294953e-02
   1.5652215e-01
   4.1184204e-01
   7.0947111e-02
   1.2293214e+00
   2.7849029e-01
   2.1496699e-02
   1.3260095e-01
   3.9107820e-02
   1.2576726e-01
   4.8827946e-02
   3.2105112e-02
   2.8408915e-01
   5.2398468e-01
   8.1673876e-02
   2.0504801e-01
   5.1641285e-01
   1.3198292e-01
   8.3058513e-01
   4.0213194e-01
   5.9468760e-02
   1.1037044e+00
   2.9822057e-01
   9.6137208e-01
   6.2954380e-04
   1.3530833e-01
   3.0657482e-01
   1.8425236e-02
   1.6975219e-01
   1.9703363e-01
   1.3281172e-01
   3.3282123e-01
   2.9662468e-01
   2.4744760e-01
   3.5218817e-01
   1.3422941e-01
   9.0656679e-02
   6.5795562e-01
   7.3357516e-03
   7.0899056e-02
   5.3867280e-02
   7.1374314e-02
   6.3124168e-01
   1.8261037e-01
   2.0204247e-01
   9.9198459e-02
   2.0032943e-01
   8.7632963e-02
   9.5811447e-02
   9.0189198e-02
   1.2007380e-01
   4.7265076e-01
   6.8345385e-02
   6.1780365e-02
   2.5203001e-02
   3.6335579e-01
   4.3335534e-01
   2.3469856e-01
   2.8441782e-01
   5.0995537e-02
   1.2213320e-01
   6.8608635e-02
   2.1235372e-01
   5.7704879e-01
   5.4062969e-01
   2.4627149e-01
   4.1017053e-01
   4.9385247e-02
   1.2785812e-01
   9.3184655e-02
   1.7777181e-01
   6.0711169e-01
   3.6195986e-01
   1.9326301e-01
   4.0412633e-01
   9.1750230e-01
   7.8884039e-02
   8.0424616e-02
   2.7686905e-01
   4.2550585e-02
   2.1189970e-01
   3.6347169e-02
   1.0499292e-01
   1.3573579e-01
   4.0145177e-01
   1.5893352e-01
   2.7891483e-02
   2.9686581e-01
   3.4543938e-02
   2.3922613e-02
   2.7728344e-01
   9.5287886e-02
   2.6556626e-02
   6.4525458e-01
   3.2359840e-02
   4.1408081e-01
   4.0697709e-02
   1.0119679e-01
   2.6653202e-01
   4.7199783e-01
   1.1338656e-01
   4.1281156e-02
   4.9049536e-02
   1.1620842e-01
   1.1170507e-02
   1.3194076e-01
   4.0508328e-01
   2.1138194e-01
   2.7210659e-01
   2.0219012e-03
   2.4174047e-01
   1.8314738e-03
   1.6405716e-01
   4.3965899e-01
   6.4899060e-01
   2.4835660e-01
   5.2304284e-01
   1.1372212e-01
   2.2052073e-01
   2.2814705e-03
   1.8154603e-02
   4.7555653e-01
   2.3229191e-01
   1.9327513e-01
   1.4453143e-01
   6.1998853e-02
   1.7977327e-01
   2.1687898e-01
   3.3485298e-01
   2.3356301e-02
   9.5111173e-01
   4.9270926e-02
   4.1720623e-01
   9.4308022e-02
   2.5876196e-01
   6.5314238e-03
   5.2435631e-01
   4.1840094e-01
   2.9290111e-02
   1.3471785e-01
   2.9340424e-01
   1.7941096e+00
   3.7004388e-01
   4.8206043e-01
   3.9810363e-01
   2.7363734e-02
   3.3927905e-02
   8.9065387e-02
   1.8849106e-01
   4.7446536e-02
   1.7538235e-01
   2.5300178e-01
   3.2219837e-01
   1.9560446e-02
   2.3733960e-01
   1.7687194e-01
   3.4217442e-01
   3.0551367e-02
   2.3975816e-01
   3.0302249e-01
   8.2962497e-02
   4.1404075e-01
   5.3385988e-01
   4.4483465e-02
   7.3882893e-02
   1.3168771e-01
   3.5378503e-01
   1.1820303e-01
   1.1221506e-01
   2.7901380e-01
   6.7394639e-01
   3.1805379e-02
   1.9415571e-01
   6.7338526e-02
   3.4271490e-01
   1.3132109e-01
   2.1169399e-01
   2.4051781e-01
   5.1645689e-01
   3.5237369e-01
   6.3349823e-01
   2.9862256e-01
   7.4700990e-02
   1.2152686e-01
   9.9221343e-02
   1.1953850e+00
   9.7013035e-02
   1.7170149e-01
   3.6643349e-01
   4.3589021e-01
   4.2187288e-01
   4.2323692e-02
   4.3908877e-03
   2.2552406e-02
   2.6434161e-01
   6.2043370e-02
   1.5107602e-01
   5.0699729e-02
   1.8155867e-01
   1.3192882e-01
   5.9798084e-02
   5.7506035e-01
   1.5543598e-01
   2.5129186e-01
   1.2591830e-01
   1.0517538e-02
   2.3359907e-01
   2.3350359e-01
   5.8729084e-02
   1.0959586e-01
   2.3292470e-01
   9.3144813e-02
   2.2658410e-01
   4.9856718e-01
   1.9926981e-01
   2.7383985e-01
   3.8085069e-01
   1.9281067e-02
   9.2896607e-02
   1.2819818e-01
   7.3037184e-02
   1.5313567e-01
   8.8978425e-02
   1.7992229e-02
   3.6946210e-02
   4.4677978e-01
   3.3376819e-01
   6.5912916e-01
   5.3894764e-03
   3.6057432e-01
   1.0365231e-01
   6.0301435e-01
   3.8924583e-01
   1.7187858e-01
   5.6355907e-01
   2.3612536e-01
   1.5497989e-01
   2.7028826e-01
   1.4679162e-01
   1.5554718e-01
   2.3501110e-01
   9.0504411e-02
   9.6974165e-02
   9.3744955e-02
   1.4428977e-01
   2.5674977e-01
   1.2230178e-01
   1.6605402e-02
   1.2900623e-01
   5.1552461e-03
   2.0467385e-01
   7.5407401e-02
   8.2016202e-01
   6.7059211e-02
   1.6430915e-01
   1.3092335e+00
   3.2075391e-01
   1.5645054e-01
   6.6003471e-02
   7.3392945e-01
   1.4988987e-01
   5.5475282e-02
   1.0785614e-01
   1.7753993e-02
   6.4846358e-01
   3.2110918e-01
   2.1052688e-02
   6.6968179e-02
   1.2781462e-01
   4.5689970e-02
   2.7441582e-02
   6.9146613e-03
   3.7014711e-04
   4.9215519e-01
   6.6288659e-01
   6.5273091e-01
   1.0542333e+00
   7.1461504e-03
   5.8908373e-01
   4.3071968e-02
   9.4520981e-02
   1.7958693e-01
   2.6482755e-01
   2.5986345e-01
   3.4276388e-01
   2.3298163e-02
   8.0174437e-02
   9.1312924e-01
   1.9330679e-01
   3.1708226e-01
   8.8540653e-01
   3.0631785e-02
   6.5014989e-02
   2.7736643e-01
   5.6863649e-02
   2.8126089e-01
   2.9450931e-01
   1.8651503e-02
   5.8386106e-03
   1.6177815e-01
   1.2314587e-02
   2.9696871e-02
   1.6442929e-01
   2.4671263e-01
   8.5497757e-02
   1.9651118e-01
   1.2554375e-01
   2.4100300e-03
   6.4072904e-02
   2.7394677e-01
   6.0478473e-01
   4.2197748e-01
   1.6020896e-01
   2.1860587e-01
   5.5579830e-02
   1.7283308e-02
   4.3168297e-01
   3.7686313e-02
   1.0884825e-02
   1.0343399e-02
   8.1844795e-01
   7.1362978e-01
   1.2875867e+00
   2.9064282e-01
   7.2195091e-01
   3.0616084e-01
   2.5819456e-01
   1.1857555e-02
   1.8508542e-01
   3.1981921e-01
   1.7178870e-01
   1.1026352e-01
   5.4900356e-01
   6.9247638e-02
   4.0058101e-02
   4.2326697e-02
   2.8991126e-02
   2.4068683e-01
   2.0309239e-01
   5.7172352e-01
   3.7201874e-01
   7.2747062e-03
   3.1414659e-01
   2.4294041e-02
   2.8978366e-02
   2.0165757e-02
   4.6423525e-01
   3.2037292e-02
   1.1471847e-01
   3.8941522e-01
   2.6596873e-01
   4.5827229e-01
   2.0278672e-01
   6.1990530e-01
   4.4997036e-01
   4.0588884e-01
   9.2393972e-02
   1.3886734e-01
   3.3862412e-02
   3.5199795e-01
   1.1566449e-01
   8.4219756e-01
   1.6531599e-01
   3.6769547e-02
   4.0001972e-03
   1.1544885e+00
   3.4374813e-01
   3.7419514e-01
   7.6155861e-01
   1.1470179e+00
   1.7823784e-01
   7.7260886e-01
   3.1973863e-01
   1.1158171e-01
   3.0545610e-01
   3.2765326e-01
   1.3167672e-01
   2.4154489e-01
   8.8269272e-02
   1.7523237e-01
   1.1423858e-01
   2.6004268e-01
   3.1202999e-01
   5.0396253e-01
   1.6246553e-02
   5.4279235e-02
   1.5993725e-02
   4.2133617e-01
   1.7295786e-02
   1.6600876e-02
   3.1509654e-01
   3.2307877e-01
   1.4880938e-01
   4.2145930e-01
   2.0405417e-01
   4.2142098e-01
   1.3514827e-02
   1.7639369e-01
   9.1873229e-03
   1.0964885e-01
   1.8125454e-01
   8.2095175e-03
   4.8589610e-01
   1.1458602e-01
   1.0316459e-01
   2.0876997e-01
   7.0604536e-01
   1.7695223e-01
   1.9135747e-01
   5.3686350e-02
   3.3999979e-01
   2.3448691e-01
   3.5659977e-01
   9.4057871e-02
   2.5420167e-03
   4.3229543e-01
   4.9172044e-02
   3.6634677e-01
   7.1193234e-01
   4.9365056e-01
   1.6761251e-02
   2.9543311e-02
   3.1010691e-01
   1.3412421e-02
   4.0650164e-02
   2.0830078e-01
   1.8979528e-01
   1.1556720e-01
   4.6123969e-01
   1.0535848e+00
   3.3152379e-01
   1.0426396e+00
   9.8446329e-02
   1.4879249e-01
   2.8357426e-01
   6.2050497e-02
   4.8140485e-01
   3.5174609e-01
   3.0748188e-01
   4.0749697e-01
   6.0777887e-01
   3.4822362e-02
   6.0706926e-01
   9.5055234e-02
   5.2923212e-01
   1.1344012e+00
   1.4617715e-01
   2.4373150e-02
   3.7573006e-02
   2.7084370e-01
   9.0151327e-01
   5.5517483e-02
   5.3922558e-02
   3.5250344e-02
   1.0025129e-01
   5.3366736e-02
   2.7036018e-02
   1.9750818e-01
   1.4592736e-01
   1.7023987e-01
   9.2048146e-02
   9.5349197e-02
   1.6333088e-01
   4.7044222e-02
   1.7041367e-01
   4.8135837e-02
   3.1659942e-01
   4.3079891e-01
   7.6481623e-03
   7.4621885e-02
   3.3696879e-01
   1.3564988e-01
   1.1442341e-02
   6.2908723e-01
   6.2062477e-01
   1.1985805e-01
   3.7347715e-01
   6.6909752e-02
   1.4134133e-01
   1.0154581e-01
   5.5683717e-01
   6.1839362e-01
   1.1745248e-01
   2.2306345e-01
   6.0973720e-01
   2.4784522e-01
   9.9320517e-02
   4.1572629e-01
   2.7529311e-02
   1.2863751e-02
   9.7963174e-03
   7.8649415e-02
   2.2517299e-01
   7.4012851e-02
   3.1121009e-01
   2.8925861e-01
   1.2526158e-01
   1.2986271e-01
   3.2339037e-02
   3.4201466e-01
   6.6581808e-02
   1.5199510e-02
   1.7188383e+00
   1.8553755e-01
   1.0500247e-01
   4.2601246e-02
   4.2355919e-01
   3.8824724e-02
   2.5239946e-01
   2.8495524e-02
   8.9647478e-01
   6.1513116e-01
   4.6911228e-03
   1.2377829e-01
   2.1828845e-01
   4.4414750e-01
   1.0773375e-01
   8.2437786e-01
   2.9149758e-01
   2.8215512e-01
   1.2462469e-01
   1.0737622e-01
   4.1792846e-02
   1.8793805e-02
   1.0370554e-01
   1.3697014e-01
   2.2987676e-01
   8.4893988e-03
   4.6757218e-01
   2.7708643e-02
   2.9198009e-01
   1.5014697e-01
   9.5657118e-02
   3.6048385e-01
   4.4633997e-01
   1.6908136e-01
   5.8341444e-02
   9.1892642e-02
   5.3221397e-01
   2.6134043e-02
   1.8362901e-01
   1.3699415e-02
   1.4790333e-01
   6.1685956e-01
   3.9929949e-01
   3.9386367e-02
   8.7060732e-02
   2.7749785e-02
   2.7781346e-01
   1.5966409e-01
   1.0754265e-01
   1.3009661e-01
   3.6583388e-01
   2.1284743e-01
   3.4846930e-01
   4.1922788e-02
   3.3530241e-03
   6.7737230e-01
   8.4243279e-02
   2.7707813e-01
   1.1732682e-01
   3.3857333e-01
   1.0730849e-01
   2.4778914e-01
   3.0534682e-01
   2.3093750e-02
   1.4805139e-02
   1.2212337e-01
   3.8489894e-01
   1.5623454e-02
   7.1769382e-02
   7.1557513e-02
   3.8812108e-01
   4.6535253e-02
   3.5667999e-01
   1.1486654e-01
   8.5362301e-02
   7.4472354e-02
   2.3523251e-01
   6.8666653e-02
   2.5525928e-02
   1.3300379e-01
   6.0085089e-01
   5.1203227e-01
   5.6282445e-01
   4.3901007e-01
   5.1701486e-01
   6.2660520e-02
   8.0842433e-01
   3.5516099e-01
   3.2223711e-02
   6.7095200e-03
   1.2545738e-01
   6.0121497e-03
   7.8402724e-01
   1.3199193e-02
   2.9175270e-01
   5.6107081e-02
   5.2486165e-02
   3.7706132e-02
   1.9492104e-01
   1.7969509e-02
   3.3880264e-01
   1.6950495e-02
   1.1986419e-01
   3.6655124e-03
   8.5552458e-01
   8.0338444e-02
   1.4248727e-01
   1.7710376e-01
   3.3752135e-01
   2.7957826e-01
   3.4711196e-01
   3.7936524e-01
   5.5891899e-02
   1.7209215e-01
   6.2165737e-01
   6.3083818e-02
   1.5700420e-01
   7.5483187e-02
   1.6570605e-01
   2.2910648e-01
   3.4621673e-03
   8.9173077e-01
   1.7400789e-02
   1.7912949e-02
   2.3481391e-01
   3.8490233e-01
   1.1982637e-01
   4.3153179e-01
   5.4785332e-02
   3.4267036e-01
   3.0877459e-01
   2.1957713e-02
   2.5531208e-02
   1.5619421e-01
   3.6881797e-02
   2.6065307e-01
   5.2949077e-04
   2.0885647e-01
   3.0535434e-01
   7.9506867e-01
   2.5865965e-03
   1.9148989e-01
   7.7112386e-02
   1.1125650e-01
   8.1054220e-02
   7.4343936e-01
   2.0833064e-02
   1.8993254e-02
   1.4855406e-01
   9.1878101e-03
   3.1738971e-01
   1.2681357e-01
   2.3129334e-01
   1.1629453e-01
   3.0046685e-01
   4.9808426e-02
   6.6558054e-01
   7.9325123e-01
   7.5196951e-01
   4.7352276e-01
   2.3199566e-01
   1.1408914e-02
   5.5001742e-01
   1.0863866e-01
   1.5984402e-01
   2.6015019e-01
   4.0462064e-01
   3.7785775e-01
   7.8190762e-01
   8.4510977e-02
   1.0622308e-01
   2.0311233e-01
   8.2494522e-02
   5.5187334e-01
   1.5809729e-02
   4.1328735e-02
   1.0424441e-01
   2.4266616e-01
   2.1892715e-01
   1.8237297e-01
   1.6726325e-02
   3.6663435e-02
   1.8457597e-01
   1.4741378e-01
   3.3267486e-02
   1.3016969e-02
   1.1189043e-01
   7.2414232e-02
   2.6129757e-01
   2.1381760e-02
   4.4556872e-02
   1.4852650e-01
   3.5498285e-02
   4.0667417e-02
   5.3171061e-02
   5.0872639e-01
   1.5590408e-01
   2.6122692e-02
   6.5071262e-02
   2.1645098e-01
   5.5919784e-03
   3.4580163e-01
   2.7444549e-01
   1.1720364e-02
   5.3077070e-02
   2.6245701e-02
   1.1144120e+00
   2.4205103e-01
   3.6148778e-01
   3.0440382e-01
   7.5954389e-02
   8.0711676e-02
   1.9315616e-01
   2.5177656e-01
   1.3416768e-01
   1.5697672e-01
   1.4919595e-01
   1.2133940e-01
   2.3180742e-01
   6.4783864e-02
   3.4537329e-01
   1.0548981e-01
   1.0102096e-02
   1.4098669e+00
   8.0961703e-02
   5.5411324e-01
   1.5229919e-01
   1.1673567e-01
   3.5372786e-01
   2.2523884e-02
   1.1857821e-01
   3.6558369e-01
   6.5298277e-02
   5.6224430e-01
   1.4709532e-01
   5.8858523e-01
   1.3575798e-01
   3.4361110e-01
   1.0790089e-01
   8.3579207e-02
   1.6147736e-01
   1.0481949e-01
   5.1665700e-02
   5.3449257e-02
   1.1963721e-01
   1.9901519e-01
   2.2415267e-01
   3.3454967e-02
   8.8123875e-02
   4.2193769e-01
   1.4240864e-01
   2.3905348e-02
   4.7313265e-01
   4.1951551e-02
   4.9551015e-02
   1.7361646e-01
   8.2029520e-01
   4.7847753e-01
   2.0129392e-02
   7.8001343e-01
   2.4688039e-01
   1.1989649e-01
   4.0620384e-01
   4.7753802e-03
   4.6451451e-01
   1.5419510e-01
   1.2031212e-01
   3.6634527e-01
   1.9072670e-01
   1.7782345e-01
   6.6361981e-02
   1.1381590e-01
   1.9006222e-01
   1.0126284e-01
   1.9775758e-01
   1.6075063e-01
   1.0442186e-01
   4.2704484e-01
   5.9548577e-02
   1.2651536e-01
   4.9657716e-03
   3.7583832e-01
   1.9074949e-01
   2.7553680e-02
   1.2710986e-01
   8.0065488e-02
   2.2067158e-01
   9.4836200e-02
   1.3863635e-02
   4.0212700e-01
   5.3494773e-02
   7.7338993e-03
   1.0572194e+00
   3.8403573e-01
   5.3559125e-01
   6.6179114e-02
   6.2765895e-01
   3.9692528e-04
   2.3565097e-01
   2.4899077e-02
   4.1706142e-01
   2.0475006e-01
   4.2160344e-02
   1.2968514e-01
   1.9296206e-01
   1.6704061e-01
   1.3883133e-01
   2.0506384e-01
   4.1054328e-01
   5.4296430e-01
   4.7224178e-01
   7.3677856e-01
   1.4554621e-01
   4.1300923e-02
   2.5602513e-01
   6.4653269e-01
   2.1349077e-01
   1.2687120e-01
   2.1367931e-01
   5.2457754e-02
   1.4967692e-02
   3.4841158e-02
   8.7744409e-02
   1.8859669e-01
   9.5425655e-02
   1.0777838e+00
   4.4193017e-03
   4.3995282e-01
   2.4607150e-02
   5.3573859e-02
   5.5742240e-02
   3.2832041e-01
   3.7949537e-01
   2.1169076e-01
   4.0814771e-02
   1.9941610e-01
   1.6689883e-02
   2.6054901e-01
   1.1975416e-01
   4.8724148e-03
   1.1022287e-01
   7.7252054e-01
   1.9220643e-01
   2.7359182e-01
   1.5769265e-01
   3.1403925e-01
   5.2539882e-01
   1.0075865e-01
   9.5916209e-02
   3.5638912e-02
   5.0551686e-01
   5.6217414e-02
   4.7557566e-02
   1.0902621e-01
   3.9628129e-01
   3.3540606e-01
   2.1777150e-01
   1.5321502e-01
   1.8483027e-01
   1.9011043e-01
   4.3635759e-02
   3.4786103e-02
   5.0604344e-02
   3.2583721e-02
   1.4008768e-01
   9.1566256e-03
   1.2499436e-01
   1.2606690e-01
   2.8540782e-01
   9.5973297e-02
   7.3929290e-01
   5.0146150e-01
   5.0958993e-01
   1.0570320e-01
   4.3526765e-01
   2.6886058e-01
   7.7912688e-01
   3.6339251e-01
   9.1078273e-03
   1.6875836e-01
   4.7249552e-01
   1.6203938e-01
   1.4537242e-02
   3.6058252e-02
   2.3408136e-01
   3.1481191e-01
   6.8040824e-02
   3.5627509e-01
   3.4237666e-01
   6.1897775e-01
   3.6503937e-02
   2.0079693e-01
   1.4415846e-01
   7.6389913e-02
   5.6885532e-02
   2.0101514e-01
   4.2303163e-01
   4.6964357e-02
   8.6845847e-01
   1.3685791e-02
   1.3748785e-01
   3.3271805e-02
   1.2416271e-01
   3.4491949e-01
   3.0423925e-01
   1.5734479e-01
   9.6648823e-03
   4.2253241e-01
   1.6838596e-01
   2.6693245e-01
   6.5430381e-02
   5.4891712e-02
   2.1417554e-01
   3.9725874e-01
   6.7543208e-01
   4.0405488e-01
   3.2512015e-01
   1.2821153e-01
   3.3931021e-02
   5.1348061e-01
   1.0677626e-02
   9.5252578e-02
   7.4613559e-02
   4.3168605e-03
   2.1920695e-01
   1.5797376e-01
   9.6705144e-02
   1.6693071e-01
   3.0173401e-01
   5.6253452e-01
