  -6.4901377e-01
   1.1811660e+00
  -7.5845330e-01
  -1.1096130e+00
  -8.4555124e-01
  -5.7266487e-01
  -5.5868076e-01
   1.7838023e-01
  -1.9686145e-01
   5.8644262e-01
  -8.5188697e-01
   8.0032071e-01
  -1.5094047e+00
   8.7587415e-01
  -2.4278954e-01
   1.6681344e-01
  -1.9654187e+00
  -1.2700714e+00
   1.1751713e+00
   2.0291602e+00
  -2.7515724e-01
   6.0365845e-01
   1.7812519e+00
   1.7736583e+00
  -1.8651226e+00
  -1.0511071e+00
  -4.1738205e-01
   1.4021623e+00
  -1.3677470e+00
  -2.9253500e-01
   1.2708484e+00
   6.6009341e-02
   4.5129021e-01
  -3.2220972e-01
   7.8840922e-01
   9.2873605e-01
  -4.9079038e-01
   1.7972006e+00
   5.9069655e-01
  -6.3578574e-01
   6.0334661e-01
  -5.3524797e-01
  -1.5508039e-01
   6.1212237e-01
  -1.0443435e+00
  -3.4563191e-01
  -1.1714048e+00
  -6.8558678e-01
   9.2621639e-01
  -1.4816752e+00
  -5.5805781e-01
  -2.8453112e-02
  -1.4762924e+00
   2.5889996e-01
  -2.0186910e+00
   1.9974026e-01
   4.2586432e-01
  -1.2700435e+00
  -4.8521884e-01
   5.9430762e-01
  -2.7646491e-01
  -1.8575829e+00
   4.0730812e-02
   2.8297018e-01
   6.3561219e-02
   4.3343007e-01
   4.2286036e-01
   1.2995283e+00
  -1.0497932e+00
  -1.7864117e+00
   8.1604308e-01
  -3.2820854e-01
  -1.2145656e+00
   1.1118329e+00
  -5.0749695e-01
   8.9873049e-01
   3.7721566e-01
   1.4523916e+00
   4.4694507e-01
   6.4582479e-01
  -6.2367741e-01
  -5.9523643e-01
   1.6113237e+00
  -3.4899805e-01
   1.6416748e-01
  -1.6365771e+00
   5.8136556e-01
  -1.2890600e-01
   4.3285863e-01
  -2.4510904e-01
  -1.0854304e+00
   1.6808015e+00
   1.7641194e-01
  -2.0714396e+00
   2.1108933e-01
  -5.8284782e-01
   1.8168843e-02
   1.4947780e+00
  -4.2479673e-01
   1.6862432e+00
   3.6548988e-01
  -1.0970612e+00
   1.9302130e+00
   6.2293615e-01
   6.5728433e-01
  -1.4633834e+00
   8.5393544e-01
   5.8048902e-01
  -9.1860098e-01
   7.9486510e-01
   5.1753511e-01
   4.9461448e-01
   6.6392975e-01
  -7.1017198e-01
  -1.3068376e+00
  -7.4158880e-01
  -1.4676592e+00
  -3.9167470e-01
   8.4165886e-01
   8.2783845e-02
   3.1467141e-01
   7.8980505e-01
  -8.0122391e-01
  -3.2565426e-01
   2.8467632e-01
   1.3096182e+00
   1.6037334e-01
  -2.1181883e+00
   7.0708060e-01
  -1.0434136e+00
   1.0682066e+00
  -3.1723355e-01
   1.4796767e+00
   6.9908799e-01
   1.5909928e-01
  -9.4548051e-01
  -7.9300651e-01
  -2.0492390e+00
  -2.3588351e+00
  -1.6592693e+00
  -9.5812376e-01
   2.2572987e-01
   2.1766535e-01
  -8.2323928e-01
  -1.0127680e+00
   1.2152579e+00
   1.5627538e-01
  -4.0025731e-01
  -4.4177908e-01
   4.4810227e-01
  -1.6645908e+00
   2.1489024e-01
   5.4956313e-01
   1.3923379e+00
  -6.1922763e-01
  -1.2601283e-02
   7.7361239e-01
   1.6292121e+00
  -1.4099750e+00
  -1.7472826e+00
  -4.7224614e-01
  -6.0088241e-02
   4.3887857e-01
   2.0122221e-01
  -5.8329838e-01
   7.6479669e-01
   1.4076982e-01
  -3.7293689e-01
   1.0546693e-01
   1.2706243e+00
   4.9912993e-01
  -3.9702499e-01
  -1.7899682e+00
  -2.6689433e-01
   1.7843107e-01
  -4.3419217e-01
   4.6451325e-01
  -1.1214453e+00
  -3.5907514e-01
   5.3226669e-01
  -1.6435078e+00
   4.6689922e-01
   1.1210726e-01
   1.4965444e+00
  -5.8650226e-01
  -1.7189320e+00
   7.4104015e-01
   1.0876955e+00
   7.5667013e-01
   1.6296940e+00
  -1.3749934e+00
  -1.0520106e+00
   4.7751789e-01
   1.2221769e+00
   2.3707322e+00
   1.1458588e-01
   2.7906929e-01
   7.5207982e-01
  -2.6025695e-01
  -2.5993204e-02
   9.6723848e-02
   1.4414303e-01
   1.8562089e+00
   1.1003349e+00
  -3.6410720e-01
   4.7199349e-01
  -8.3910683e-01
  -5.2363329e-01
  -1.3887663e+00
   4.2480014e-03
  -1.4047825e+00
   2.6290179e+00
   8.1952907e-01
  -1.4434107e+00
  -4.9972917e-01
  -5.1795898e-01
  -1.8027467e+00
   9.8843515e-01
  -3.6075279e-01
   1.1326595e+00
   4.0901834e-01
   8.1912145e-01
   3.1966145e-01
   2.4150057e+00
  -1.1403188e-01
   1.1801616e-01
   9.9969097e-01
  -3.5765896e-01
  -5.5026228e-02
   2.4145637e-01
  -2.7351803e+00
   1.9351408e-01
  -1.4539558e-01
   1.4545757e+00
  -3.9668938e-01
   1.7289032e+00
   2.5189252e-01
  -6.1855328e-01
   9.7632868e-01
   1.3099061e-01
  -3.6435721e-01
  -9.3312224e-02
   4.8980648e-01
   1.4014313e+00
  -2.7422324e-01
   6.7581648e-01
   1.9058078e-01
   6.7036318e-01
   2.0835697e-01
   3.2787467e-01
  -8.2319726e-01
   3.3190560e-01
   3.4391388e-01
   3.7974797e-01
   1.0889393e+00
   9.9485916e-01
   2.0860951e-01
  -3.9918778e-01
   5.0601100e-01
  -1.2776346e-01
  -2.5492083e-01
  -7.8043348e-02
  -3.1464934e-01
  -3.0841840e-01
   4.0126822e-01
  -1.2942067e-01
   1.3276832e+00
   6.7078651e-01
  -6.9171489e-01
  -4.9218441e-02
  -3.2673097e-01
   3.0324830e-01
   2.0565003e+00
   1.7071911e+00
   5.1074175e-01
  -1.8768890e-01
  -5.8942941e-01
   1.1432765e+00
   1.3036787e-01
   5.8646282e-01
   1.0339941e-01
   2.6454135e-01
   5.4799128e-02
   2.2125210e-01
   9.1005836e-02
  -1.5011550e-01
  -5.6129656e-01
  -1.7991850e+00
  -4.7072738e-01
  -9.0258825e-01
   5.4784124e-01
  -7.3520778e-01
   1.4758632e+00
   5.0582313e-01
   6.9266384e-01
   1.3488133e-01
  -1.0687799e+00
  -1.6759207e-01
  -4.6288402e-01
  -1.2635642e+00
   4.2039408e-01
  -3.2432096e-01
   1.3410964e+00
   1.2136633e+00
  -5.0278476e-01
  -1.1163632e+00
  -9.2207202e-01
  -1.0417858e-03
   1.5348957e-01
  -9.0396991e-01
  -9.3833190e-01
   4.3389065e-01
  -1.5315330e-01
   4.0243782e-01
  -6.5255242e-01
  -1.9576909e+00
   6.7693176e-02
  -4.7320006e-02
  -6.9691898e-01
   4.5754816e-01
   7.9304058e-02
   4.7959342e-01
  -2.3603916e+00
   4.4400809e-01
  -3.2498947e-01
   9.7205911e-02
   1.1148055e+00
  -1.1570626e+00
  -4.7571262e-01
   5.2258496e-01
   8.8714373e-01
   1.6548052e-02
   9.0254173e-01
   1.1547838e+00
   8.7253378e-01
  -4.6916267e-01
   5.9652904e-01
   8.3609172e-01
   3.0449290e-01
   1.1553238e+00
  -1.5715139e+00
   1.6364781e+00
   5.5483138e-01
  -5.8543209e-01
  -5.1044388e-01
   4.9270220e-01
  -6.5082555e-01
   9.2687252e-01
  -1.8811642e-01
   3.2082912e-01
   1.4202980e+00
  -1.1899619e+00
  -9.2844418e-01
   1.3095525e+00
   1.1534587e-01
   2.8281264e+00
   2.7409856e-01
   1.1568758e-01
  -1.0703680e+00
  -7.0970211e-01
  -1.5131383e+00
  -1.1369584e+00
   1.2721923e+00
  -1.1440585e+00
  -5.2616417e-01
   1.5781784e+00
   5.7863574e-01
   5.7857296e-01
  -1.4228058e+00
  -1.9039202e-01
   1.8602339e-01
   1.4839945e+00
  -6.7946919e-01
  -5.3006144e-01
  -8.5949440e-01
   1.3063556e+00
  -8.6329571e-02
  -2.1503730e+00
   2.5231813e-02
  -1.1356194e+00
   7.1495277e-01
  -6.1684342e-01
  -9.5545691e-01
   1.3556043e-01
   6.3796878e-01
  -3.6697677e-01
   1.0614098e+00
   5.6377535e-02
   8.5412719e-02
   1.8360213e+00
   6.7536345e-01
  -1.5458351e+00
   3.5363202e-01
  -9.2440256e-02
   6.3839481e-01
  -8.6295965e-01
  -8.8644574e-01
  -1.2231659e+00
  -1.8564290e-01
  -1.7205094e+00
   1.5180470e-01
   8.1650766e-01
   5.7779778e-01
   1.0638512e+00
  -8.0323872e-01
   7.9862742e-01
  -3.1509227e-01
   1.1860640e+00
   8.4939014e-02
  -1.4249760e+00
  -1.4541111e+00
  -1.8093165e+00
  -1.4629472e+00
  -1.3806750e-01
  -1.0055919e+00
  -2.7333043e+00
   1.6924050e+00
  -2.8338551e-01
   1.1221423e+00
  -3.0694846e-01
  -1.6853142e-01
  -8.1307717e-02
  -3.7717503e-02
   2.0913894e+00
  -4.1062962e-01
   2.9575702e+00
  -1.6873889e+00
   2.9025735e-01
  -1.4693524e+00
   4.4906178e-01
  -1.6958948e+00
   6.0460586e-02
  -1.1476125e+00
   1.9939362e+00
   9.2089165e-01
   1.6227008e+00
  -4.8754733e-01
  -1.1955819e+00
  -1.4194698e+00
   4.6821964e-01
   1.3299239e+00
   2.3047170e+00
   8.5142888e-01
   5.2183858e-01
   3.2012933e+00
  -3.3045334e-01
  -8.9635555e-01
  -9.9394991e-01
  -1.8716688e+00
   1.4978693e+00
  -1.6324467e+00
  -8.5181693e-01
   1.0774003e+00
  -4.4009857e-01
   3.3279841e+00
   1.0379555e-01
  -7.7307876e-01
   6.7737444e-01
  -6.9681732e-01
  -7.5351224e-02
   2.6018636e-02
   2.0055364e+00
  -1.1296313e+00
   6.5423687e-01
   1.4191667e+00
  -8.2561278e-01
   5.3106770e-02
  -8.5585465e-01
   1.7681183e+00
   1.8287071e-01
   4.3102183e-01
  -2.2881809e-01
   3.9399666e-01
  -5.2587464e-01
  -2.4469601e+00
   1.5524539e-01
  -8.3407903e-01
   7.8467735e-02
   1.3127100e+00
  -1.3512437e-01
  -1.4099955e+00
  -1.6270328e-01
   2.1098362e+00
   1.4625858e+00
   9.1410552e-01
   1.5121447e+00
  -4.5416454e-01
  -1.1394032e+00
  -7.0549700e-01
  -3.3109830e-01
  -1.5207923e+00
   1.6527938e-01
  -4.8786992e-01
   5.8696526e-01
  -9.0336925e-01
   3.7100795e-01
  -1.2601430e+00
   2.2288937e-01
  -4.1306380e-01
  -1.0166679e+00
  -3.2602271e-01
   2.8350212e-01
  -1.1568736e-02
   3.6267383e-02
  -1.0983030e+00
   3.7568261e-01
   1.7005480e-01
   1.1396680e+00
   1.6574637e+00
   3.3824795e-01
  -1.8189706e+00
  -8.0227129e-01
  -5.7442436e-01
  -2.3425554e-01
  -3.0520077e-01
   1.6394457e+00
  -1.8972356e+00
   1.3185196e+00
   5.3235898e-01
   6.0159772e-01
   4.6718865e-01
   2.0818148e-01
  -5.7599391e-02
  -3.0651857e+00
  -6.1249416e-01
  -1.6161887e-02
   7.7689984e-01
  -9.0006119e-02
  -1.4878874e-01
  -8.8777317e-01
  -7.7609149e-01
   6.2922751e-01
  -1.3158398e+00
   8.9873527e-01
  -8.2513196e-01
  -5.7550062e-01
   2.5325590e-02
   5.6256670e-01
  -1.7209645e-01
  -6.4815323e-01
  -1.5314480e-01
   1.7123662e-02
   8.2780734e-01
   6.9892478e-01
  -1.0061885e+00
  -2.2441760e+00
   1.0230086e-01
   9.0180805e-01
  -3.0057981e+00
   6.5923650e-01
   7.6034099e-01
  -1.6991611e-01
   7.0861601e-01
   6.2875645e-01
  -7.6356774e-01
   1.1876705e+00
   1.1639556e+00
   4.3791029e-01
   7.6435834e-01
   1.7208783e-01
  -6.3597854e-01
   2.6363490e-01
   5.5799148e-01
  -3.2350572e-01
   2.3892987e-01
  -6.6854286e-01
   5.4217997e-01
  -7.3493792e-01
   6.1638815e-01
  -2.2879832e-01
   8.2099976e-01
  -1.5522659e-01
  -1.3083079e+00
   7.7757452e-01
  -1.1801151e+00
   2.8777637e-01
   4.4929187e-01
  -5.3606849e-01
  -9.2096580e-01
  -6.8649798e-01
  -1.0928699e+00
  -4.8899148e-01
  -9.1876539e-01
  -2.0317042e+00
   6.3900556e-01
   1.1358884e+00
  -7.8560892e-01
  -1.0122023e+00
  -1.0083766e+00
   1.5211596e+00
   6.6326986e-01
   7.1216341e-02
  -5.8442614e-01
   1.0146398e+00
  -2.2694351e-01
   6.4405439e-01
   2.0087742e-01
  -2.9034810e-02
  -9.9231393e-01
   1.9835780e+00
  -9.3956342e-01
  -1.6094779e+00
  -2.1978811e-01
  -2.7741014e-01
  -8.8014518e-01
   5.8393092e-01
  -3.6392970e-01
   4.1669002e-01
   1.2868263e+00
  -1.4039146e+00
   4.4424827e-01
   1.4408577e+00
   3.3287677e-01
   5.1599521e-01
  -2.3206144e-01
   6.0234508e-01
   6.1253770e-01
  -3.9201106e-01
   7.1082552e-01
  -1.8948225e+00
   1.3583287e+00
  -9.1179797e-01
  -1.4963640e-01
  -4.0114005e-01
  -5.7758246e-01
   2.0038541e+00
  -5.0964306e-01
   8.8892999e-02
  -1.9698080e-02
  -7.3807358e-01
  -1.1521638e+00
  -1.9476017e+00
   2.6295927e-02
  -8.2589332e-01
  -7.1799226e-01
  -1.9409780e+00
   9.8754555e-01
  -1.6631172e+00
   2.0633137e+00
  -2.0820361e+00
   2.7316158e-01
  -2.3767362e+00
   3.7946586e-01
  -9.9132026e-01
   9.4217393e-02
   6.4380172e-01
  -7.8296125e-01
   1.4862098e-01
  -9.2077904e-01
   1.1911216e+00
   9.8093632e-01
  -7.2342860e-01
   2.3343767e+00
  -2.5512265e+00
   9.0250911e-01
   2.2713453e-01
  -3.5125224e-01
   5.2746428e-01
   8.7484592e-01
   3.0680977e+00
  -6.1888093e-01
   7.5752249e-01
   1.0286275e+00
   5.2840081e-02
   2.1085668e-01
   1.1524760e+00
  -3.5229386e-01
   5.1556043e-01
   9.6217551e-01
   3.8715737e-01
  -2.2519582e-01
   2.4942585e-01
  -1.9160091e+00
   7.1120529e-01
   1.5629031e+00
  -8.2537950e-01
  -5.6813373e-01
  -7.2367382e-01
  -1.0089986e+00
   7.3051382e-01
   8.5209733e-02
  -4.2796593e-01
  -5.9636194e-01
  -7.4560183e-01
   6.4288821e-01
  -1.9314925e-01
  -1.2576048e-01
  -7.3857353e-02
   1.1221505e+00
  -2.5294415e-01
  -3.9501052e-01
   3.9390324e-01
  -6.7853621e-01
  -1.6574108e-01
  -5.0915121e-01
   4.8915833e-01
   1.2261352e+00
  -1.5218128e-01
   8.3896936e-01
  -6.6415212e-02
   8.8203246e-01
  -6.1449816e-01
  -1.1318685e-01
   7.5223209e-01
   5.0225361e-01
   1.7715138e+00
   2.5690562e-02
  -5.1879733e-03
   1.0343927e+00
  -1.6025832e+00
   3.2243397e-01
   2.3120269e+00
   2.5913009e-02
  -5.0997038e-01
   1.3904580e+00
  -1.4575637e+00
   6.6630640e-01
   2.2473022e-01
   2.0987550e+00
   4.7944539e-01
   6.5031297e-01
  -1.7261472e+00
   1.6036713e+00
  -5.4618036e-01
  -5.1031516e-01
   2.0986716e+00
   1.0218398e+00
  -2.0402548e-01
  -1.1489586e+00
   1.0573237e+00
  -7.0703181e-02
  -1.6616451e+00
   1.7254583e+00
   9.8113272e-01
  -1.8408432e-02
   1.3001624e+00
  -2.8201191e-01
   2.4247550e-01
  -2.7355246e-01
   1.8417920e-02
  -1.5374331e+00
   2.5413368e+00
  -4.2599017e-01
  -1.3051173e+00
  -6.0764386e-01
  -1.8819511e+00
   3.8912346e-01
   2.7765482e-02
   1.4656017e-02
   1.4766584e+00
   2.5319976e-01
   6.5349274e-01
  -1.6508059e-01
   5.3631966e-01
  -5.5925275e-01
  -4.3160682e-01
  -1.8708280e+00
  -4.7318172e-01
  -1.1951048e+00
  -2.9470389e-01
   7.1193693e-01
  -3.1718031e-01
   1.3455805e+00
   4.3157293e-01
  -2.9022473e-01
   8.0478373e-01
   3.4949899e-01
  -6.7494083e-01
   1.1598016e+00
  -3.8382587e-02
  -4.9772726e-01
  -1.6546096e-01
   2.5527521e-01
  -5.1403075e-01
   1.0497772e+00
  -2.9701391e-01
   2.0754409e-01
  -1.6293895e-02
   8.8539716e-01
   1.7002803e+00
  -1.6920243e+00
   1.8710202e-01
   1.2994255e+00
  -1.7734218e-01
   1.2669243e+00
  -6.4295177e-01
   5.8897984e-01
   4.9172583e-01
  -3.1779097e-01
  -1.0803483e+00
  -2.3669455e-01
   1.0375088e+00
  -5.0567290e-01
   1.1492499e+00
  -1.6583384e+00
  -6.5855083e-01
  -1.1747283e+00
   4.0598110e-01
   5.6116189e-01
   7.6368329e-01
  -2.5125162e-01
   5.8027417e-01
  -8.5968834e-01
  -2.4169311e-01
  -2.3538106e-01
  -5.1847256e-01
  -9.4976295e-01
   2.3959369e-01
   5.5873311e-01
   3.5033664e-01
   2.7518262e-01
  -1.0816744e+00
  -1.5346538e+00
   2.4216338e-02
   1.5714278e+00
  -2.0382317e+00
  -2.0519823e-01
  -1.7902184e-01
  -1.0316451e-02
  -1.2443884e+00
  -7.0438909e-01
  -1.0942659e+00
   1.1290880e+00
   1.1184478e+00
  -2.2526804e-01
   7.1858213e-02
  -1.3792214e+00
   2.9911464e-02
  -3.9747817e-01
   1.6917745e+00
   7.5511713e-01
   5.2388364e-01
  -4.7436857e-01
  -1.9749504e-02
   3.1379809e+00
   1.5527221e+00
   6.2457017e-02
   4.4625888e-01
   2.1611102e-01
  -1.6501301e-01
  -2.6118126e-01
   1.2839466e-01
   8.4284427e-01
   7.6431352e-01
   2.2026103e-01
   1.0405802e+00
  -1.3247600e+00
   6.3550337e-01
  -1.6773685e+00
  -3.1440970e-01
  -5.9695812e-01
   4.1757147e-01
  -2.3045342e+00
  -7.7504716e-01
  -1.6207034e+00
   4.2763306e-01
   2.3606163e-01
  -1.7906624e-01
  -2.0645205e-01
   1.2188659e+00
  -3.9144261e-02
   7.8822781e-02
  -6.8410898e-01
   1.0820902e-01
  -1.9315959e-01
  -1.8183206e-01
  -4.0038082e-01
  -2.0964398e-01
  -1.0375417e-01
   1.3307810e+00
  -5.4198116e-01
   9.7911382e-01
   2.7554292e-01
   1.4491379e+00
  -3.0700577e-01
  -7.2671120e-01
   1.2788732e+00
  -2.7642084e+00
  -5.6816626e-01
   2.7633040e+00
   6.0634176e-02
  -2.0634031e+00
   3.0640004e-02
   3.2629467e-01
   7.3145934e-01
   1.3548788e+00
  -2.1532218e-01
   5.3649435e-01
   5.7438275e-01
  -1.5417462e-02
   5.9954331e-02
  -9.1765805e-01
  -5.2429161e-01
  -1.0504230e+00
   3.0607960e-01
  -5.7589808e-02
  -1.7781519e-01
   1.4818905e+00
   1.3151078e-01
  -5.2031785e-02
  -5.5009499e-01
  -1.7339624e+00
  -3.8741864e-01
  -2.3651461e+00
  -5.7125603e-01
   1.0068885e-02
   1.2557230e+00
  -8.2076123e-01
   3.0545977e-01
  -2.9112623e-05
  -2.2437715e+00
  -1.8633455e+00
  -1.9560606e-01
   1.2257221e+00
  -6.0354792e-01
   6.7820374e-01
  -7.2632063e-01
  -1.0727313e+00
  -1.3024862e+00
  -2.2962018e-01
  -6.5665472e-01
   3.8152205e-01
  -1.4487882e+00
  -9.7811312e-01
  -1.2243763e+00
  -1.0770526e+00
   6.2358310e-01
  -4.5789578e-01
  -5.6175908e-01
   1.3620758e-01
   1.0215031e+00
   1.9360889e+00
   1.5613559e+00
   1.3590230e+00
  -1.8647560e+00
  -1.7170614e+00
  -6.1871548e-02
  -7.0529202e-01
   1.1074356e+00
  -4.4768071e-02
   1.1853764e-01
   8.7821956e-01
  -7.9946740e-02
   5.9014556e-01
  -5.5474685e-01
  -6.1566707e-01
  -6.8904005e-01
   1.1653862e-01
  -8.5560456e-01
   7.9690839e-01
  -2.4642108e+00
  -4.7459156e-01
   5.6304196e-01
  -5.5288920e-01
  -2.9492739e-01
   1.2495129e-01
   1.0907457e-01
  -1.1198320e+00
   4.7294923e-01
   1.7786371e+00
   8.0001771e-01
  -6.5802205e-01
   1.0785239e-01
  -5.1730669e-01
   1.1984242e-01
   1.9309021e+00
  -5.3267787e-01
   9.2253601e-01
  -1.0367493e+00
   2.7965025e-01
  -5.2311485e-01
   5.4627429e-01
   7.0533274e-01
   4.6845954e-01
  -1.0002372e-01
  -1.0678909e+00
  -2.5887193e+00
  -4.4881928e-01
  -1.4402591e+00
   9.3477792e-01
   3.7597673e-01
  -2.5127144e-01
   4.9686131e-01
   9.2671375e-02
  -1.9643262e+00
  -4.0110796e-01
  -1.0939109e+00
  -6.7830343e-01
  -1.9700429e+00
   3.0720971e-01
   4.6920197e-02
   2.1586943e-01
  -2.3729324e-01
   1.6660020e+00
  -2.2296711e-01
  -1.3708859e+00
   8.5610822e-01
   7.2192862e-01
   7.1289465e-01
   6.4442395e-01
