   1.0000000e+00   9.7944888e-01  -3.9515986e-01   6.4839818e-01
   1.0000000e+00  -2.6561127e-01   1.9225937e+00   3.1216696e-01
   1.0000000e+00  -5.4837272e-01   3.7308507e-01  -4.1838400e-01
   1.0000000e+00  -9.6267955e-02  -1.8437418e+00  -6.7676648e-01
   1.0000000e+00  -1.3806709e+00   9.7000876e-01   1.0098985e+00
   1.0000000e+00  -7.2837104e-01  -3.6684158e-01   4.6581243e-01
   1.0000000e+00   1.8860020e+00  -7.4484083e-01   3.4022629e-01
   1.0000000e+00  -2.9413859e+00   1.9722137e-01  -1.6145312e+00
   1.0000000e+00   9.8002109e-01   1.0081379e+00   1.9350557e-01
   1.0000000e+00  -1.1917500e+00  -1.0463649e+00  -9.2241125e-01
   1.0000000e+00  -4.3798186e-01  -5.4120599e-01   4.9923097e-01
   1.0000000e+00   1.3664593e+00  -1.1227146e+00   8.3202980e-01
   1.0000000e+00  -8.7265225e-01  -5.4214655e-01   5.1505528e-01
   1.0000000e+00   8.9327034e-02   2.4259045e+00   8.7701759e-01
   1.0000000e+00   2.4765537e-01  -5.1576435e-01  -1.4194029e+00
   1.0000000e+00   4.0699274e-01  -3.1611088e-01  -1.0492053e+00
   1.0000000e+00   6.4806636e-01  -8.1946494e-01   9.4928604e-01
   1.0000000e+00  -1.6447986e-01   3.1190618e-01   1.2361469e+00
   1.0000000e+00   8.1151461e-01   8.5867360e-01  -3.4454461e-01
   1.0000000e+00   4.0834939e-01   5.0147997e-01   1.5816313e-01
   1.0000000e+00  -1.2900886e+00  -1.0861072e+00   4.2450746e-01
   1.0000000e+00   9.6371032e-01   7.7631090e-01  -7.3718313e-01
   1.0000000e+00   6.5255329e-01   7.6221742e-01   2.9155980e+00
   1.0000000e+00  -4.1083991e-01  -1.4898811e+00   8.6517637e-01
   1.0000000e+00  -1.7696158e+00  -1.2464835e+00  -8.8595922e-02
   1.0000000e+00   4.3947702e-01   7.9794831e-01   5.8624954e-01
   1.0000000e+00   4.9518148e-01   5.0173246e-01   5.0783811e-01
   1.0000000e+00   6.8461659e-01  -5.4688610e-01   5.0590146e-01
   1.0000000e+00  -3.9584938e-01   1.4728763e+00   6.9040181e-01
   1.0000000e+00   4.9017308e-02   6.3818568e-01   1.0729284e+00
   1.0000000e+00  -3.7216774e-01   1.9963551e-01  -1.5367367e+00
   1.0000000e+00   2.5696277e-01  -1.2515741e+00  -8.4623037e-01
   1.0000000e+00   8.1072607e-01  -8.6463059e-01  -9.3453594e-01
   1.0000000e+00  -3.4013830e-01   3.3452005e-01  -4.0254767e-01
   1.0000000e+00  -1.3186387e+00  -2.7554059e-03   1.2339064e-01
   1.0000000e+00  -2.1091725e+00   4.3904109e-01  -1.8288570e-01
   1.0000000e+00   3.0655672e-01  -1.4528515e-01  -9.0219854e-01
   1.0000000e+00  -7.8881525e-01  -5.2626086e-01   3.2987224e-01
   1.0000000e+00  -5.0370635e-01  -2.0273334e+00   8.9558161e-01
   1.0000000e+00   1.5532192e+00  -1.1861413e+00  -3.2732615e-01
   1.0000000e+00   3.2079976e-01   4.5862673e-01   8.9487844e-01
   1.0000000e+00  -1.9267595e-01   8.3353536e-01   8.3285044e-01
   1.0000000e+00   1.5578507e+00   1.2314353e+00  -1.3066415e+00
   1.0000000e+00   5.6632127e-02  -6.8652384e-01   5.9201640e-01
   1.0000000e+00  -1.2243645e+00   9.4221058e-01  -2.0763801e+00
   1.0000000e+00   6.5155144e-02  -6.1691696e-01   1.6624203e+00
   1.0000000e+00  -1.0947729e+00  -1.2029113e+00   2.5126113e+00
   1.0000000e+00  -1.0694118e+00   1.6613962e+00  -6.3704395e-01
   1.0000000e+00   2.1657304e-01   1.4243604e+00  -1.2499019e+00
   1.0000000e+00  -7.7263426e-01  -1.8930513e-01  -8.4390174e-02
   1.0000000e+00  -8.3085695e-01   6.7904867e-01  -7.3333207e-01
   1.0000000e+00   9.6197556e-01  -5.9745620e-01   1.0576202e+00
   1.0000000e+00  -9.4596841e-01   5.8137635e-01  -1.2393235e+00
   1.0000000e+00   9.1966099e-01  -3.7709804e-02  -1.9373623e+00
   1.0000000e+00  -1.1389537e+00   5.7407459e-01   6.5772856e-01
   1.0000000e+00   5.9343988e-01   9.7809292e-01   2.5543184e-01
   1.0000000e+00  -6.3374827e-01   1.9385686e-01   1.0415107e+00
   1.0000000e+00  -9.2601762e-01   6.8493327e-01   7.6411446e-01
   1.0000000e+00   1.2280029e+00   3.3159414e-01  -4.3985447e-01
   1.0000000e+00   4.5500962e-01   9.3032470e-01   6.1599605e-01
   1.0000000e+00  -6.3079988e-01  -1.5428186e+00   1.0524895e+00
   1.0000000e+00  -1.3989377e+00  -5.0436229e-01  -5.9517958e-01
   1.0000000e+00  -3.8175159e-01   1.3396263e+00  -9.9889871e-02
   1.0000000e+00   1.7463601e+00   7.5699598e-01  -1.2967634e+00
   1.0000000e+00  -1.2415660e-01  -7.9419275e-01   3.1571848e-01
   1.0000000e+00   1.6236785e-01   9.2183192e-01   7.3652101e-01
   1.0000000e+00   7.4882910e-01  -1.8711756e+00   6.3552779e-02
   1.0000000e+00  -5.0677600e-02  -2.7939179e-01   1.2472616e+00
   1.0000000e+00   2.2979870e-01   2.0929756e+00  -1.2913705e+00
   1.0000000e+00   4.7424841e-01   1.2145757e+00  -8.6674380e-01
   1.0000000e+00  -3.8149284e-01   4.4234040e-01   1.7674580e+00
   1.0000000e+00  -2.2377646e+00  -1.2363726e+00  -7.9647331e-01
   1.0000000e+00  -1.2027434e-01  -1.2854422e-01  -1.7501889e+00
   1.0000000e+00  -1.7820696e+00   1.6069372e+00  -1.5809691e+00
   1.0000000e+00   2.4643451e-01  -3.1658547e-01  -1.9591405e+00
   1.0000000e+00  -1.0563022e+00   2.5907244e-01  -3.5524563e-01
   1.0000000e+00   1.1357951e+00   7.6409793e-01  -2.2956863e+00
   1.0000000e+00  -7.3378422e-01   1.0180395e-01   1.6504686e+00
   1.0000000e+00   1.1314149e-01  -1.2046181e+00   6.2607245e-01
   1.0000000e+00   3.8302958e-01   2.6700143e+00   7.4992932e-01
   1.0000000e+00   4.7102185e-01   1.4571087e+00  -1.2895069e+00
   1.0000000e+00   2.4354836e+00  -5.2033588e-01   1.8013047e+00
   1.0000000e+00   1.1756407e+00  -4.7852184e-01   1.8965402e+00
   1.0000000e+00   6.6169220e-01  -1.4980943e+00  -4.8807043e-02
   1.0000000e+00   1.5432782e+00  -5.9736259e-01  -8.7375391e-01
   1.0000000e+00  -7.1190619e-01  -6.7498021e-01   3.4262734e-01
   1.0000000e+00  -5.2737872e-01   5.3163168e-01   1.9704029e-01
   1.0000000e+00  -2.4199724e-01   9.3204546e-01  -3.0238334e-01
   1.0000000e+00  -3.1320033e-01   9.8632760e-02  -3.5120001e-01
   1.0000000e+00   6.9443404e-01  -7.9684078e-01  -1.5642389e+00
   1.0000000e+00  -1.9236288e+00  -8.1024037e-01  -4.9981902e-01
   1.0000000e+00   1.0548696e+00  -5.8094904e-04   1.3535461e+00
   1.0000000e+00  -3.9888904e-01  -1.2871235e-01   1.2455066e+00
   1.0000000e+00  -9.8271682e-02   1.7888617e+00   3.8597584e-02
   1.0000000e+00  -8.8138889e-01   3.7705796e-01  -1.1276555e+00
   1.0000000e+00  -8.8723589e-01  -1.1303570e+00   2.8767651e-01
   1.0000000e+00   7.6507757e-01   5.0426140e-02   7.0891270e-01
   1.0000000e+00  -4.3773996e-01   6.4654582e-01  -3.1459057e-01
   1.0000000e+00  -1.1167221e+00  -1.2485938e+00   4.2347192e-01
   1.0000000e+00  -8.5027668e-01   1.2535839e+00  -4.6595622e-01
   1.0000000e+00   4.0856737e-01   1.8403654e+00   1.4219198e+00
   1.0000000e+00  -1.3378923e+00  -1.5544355e+00   1.5352477e+00
   1.0000000e+00   1.5809159e-01   6.7667021e-01   6.1458965e-01
   1.0000000e+00   3.6126097e-01   7.5365031e-01  -1.3068021e+00
   1.0000000e+00  -4.7259305e-01  -9.2771690e-01   5.8068335e-01
   1.0000000e+00   5.4214261e-01  -1.0893041e+00   1.4810465e+00
   1.0000000e+00  -7.2956217e-01   1.7892580e+00  -4.8016803e-01
   1.0000000e+00   1.1477847e+00   1.0188596e+00   5.4114715e-03
   1.0000000e+00  -1.7739420e-01  -2.3710022e-01  -1.3118885e+00
   1.0000000e+00   1.1170725e+00  -5.6386794e-02  -1.1668848e+00
   1.0000000e+00  -3.7181692e-01  -1.1050074e+00  -8.8938828e-01
   1.0000000e+00   3.2878564e-01   1.3254483e+00  -1.2938668e+00
   1.0000000e+00   1.5867724e+00  -1.4764773e+00  -2.3335954e+00
   1.0000000e+00  -1.4509254e+00  -4.8181967e-01   1.2534055e+00
   1.0000000e+00   1.0281037e+00  -3.0007849e-01  -1.3906286e+00
   1.0000000e+00  -1.2057829e+00  -1.5921166e+00   1.5187944e+00
   1.0000000e+00  -1.8813485e+00  -1.7065182e+00  -6.3505925e-01
   1.0000000e+00   8.6201081e-01  -5.4692445e-02  -6.0256391e-01
   1.0000000e+00  -2.6908313e-01   7.3293896e-01  -6.4400291e-01
   1.0000000e+00  -4.8835927e-01   9.9861115e-01   1.3149737e+00
   1.0000000e+00   3.8961129e-02  -6.7525535e-01   1.6786903e+00
   1.0000000e+00   1.8410562e+00  -1.1460451e-01   1.9221018e+00
   1.0000000e+00   5.3314397e-01   4.2746503e-01  -1.5602972e+00
   1.0000000e+00  -1.2570227e+00  -7.0300469e-01  -9.8349568e-01
   1.0000000e+00  -1.2890500e+00   1.5995351e+00  -3.2307290e-01
   1.0000000e+00  -1.0802734e+00   1.9831193e-01   3.7320989e-01
   1.0000000e+00   1.3226705e+00   2.7004903e-01   2.6549943e-01
   1.0000000e+00  -8.3703776e-01  -1.2452823e-01   6.3195457e-01
   1.0000000e+00  -5.7225341e-01  -1.5426299e+00   6.8092789e-01
   1.0000000e+00   6.5672971e-02   1.1356200e+00  -7.1756049e-01
   1.0000000e+00   6.4127034e-02  -1.7151379e+00  -8.8947804e-01
   1.0000000e+00   5.4494758e-01  -7.7496342e-01   6.8590699e-01
   1.0000000e+00  -2.7136154e-01  -1.6864546e+00  -1.2156286e-01
   1.0000000e+00  -1.1378706e-01  -6.3161998e-01  -1.5344583e+00
   1.0000000e+00  -2.2797381e-01  -7.5674923e-01  -5.8290918e-01
   1.0000000e+00  -1.1170167e+00  -3.1188797e-01  -8.6969879e-01
   1.0000000e+00  -1.6943811e+00   4.6989493e-01   1.7495903e+00
   1.0000000e+00   1.7321604e+00  -1.6737481e-01   6.2878875e-01
   1.0000000e+00   1.0334682e-01   5.2950473e-01   5.4301002e-01
   1.0000000e+00  -3.0514985e-01  -1.9744651e-02   1.0400186e+00
   1.0000000e+00   1.7471174e+00  -2.7744228e-02   1.0993942e+00
   1.0000000e+00   1.3800383e-01  -7.6391098e-01   6.9176051e-01
   1.0000000e+00   6.7957131e-01  -1.6206080e+00  -2.1140030e+00
   1.0000000e+00   1.6560830e-01  -1.6071778e-01   6.0150129e-02
   1.0000000e+00   1.3903078e+00   7.4656515e-01   6.8432473e-01
   1.0000000e+00   2.8711925e-01   1.5102503e-01   6.8421362e-03
   1.0000000e+00   1.0749399e-01   8.3251245e-01   3.2634446e-01
   1.0000000e+00   4.0865122e-01   1.0480063e+00   4.9854727e-02
   1.0000000e+00   9.2810620e-01  -3.9537618e-01   8.8184720e-01
   1.0000000e+00  -9.5465396e-01  -5.1493492e-01  -2.5952854e-01
   1.0000000e+00   9.0606986e-02  -2.4295579e-01  -5.0872917e-01
   1.0000000e+00  -5.3046757e-01  -2.0175026e+00   1.5418270e+00
   1.0000000e+00   1.9888141e+00  -3.8726657e-01  -2.4776266e-02
   1.0000000e+00   8.2928864e-01   6.9725272e-01  -7.2149826e-01
   1.0000000e+00  -1.0539220e+00  -7.1543453e-01   1.5622877e+00
   1.0000000e+00   1.4519163e+00   1.1647984e+00  -5.5756145e-01
   1.0000000e+00  -9.2761326e-01   2.8079779e-01   1.2986332e+00
   1.0000000e+00   7.6774203e-01   3.5787513e-01  -6.1265780e-01
   1.0000000e+00  -6.6365100e-01   1.2631381e+00   7.6277974e-01
   1.0000000e+00   2.2909803e+00  -1.1433230e+00   5.1787418e-01
   1.0000000e+00   2.5149258e-01   1.7021456e+00  -5.7568379e-01
   1.0000000e+00   7.1117532e-01  -1.4748458e+00   4.1462812e-01
   1.0000000e+00  -6.8123183e-01   6.4516992e-01  -3.5805200e-01
   1.0000000e+00   1.0462106e+00   5.0858406e-01  -2.2898493e+00
   1.0000000e+00  -1.5022127e+00  -4.0230777e-01   1.0139988e+00
   1.0000000e+00   6.6218674e-02   1.2317657e+00  -2.6094652e-01
   1.0000000e+00  -3.1235381e-01   8.3158505e-02  -1.7448772e-01
   1.0000000e+00   9.1181649e-02   2.1750480e+00   9.7066444e-01
   1.0000000e+00  -3.8895176e-01   7.1645163e-02   1.9671447e+00
   1.0000000e+00   2.3251361e-01  -3.7787532e-01   1.8347286e-01
   1.0000000e+00   1.4076277e+00  -3.9300839e-01  -9.8436143e-03
   1.0000000e+00  -1.4515679e+00  -7.9300036e-01  -9.9118935e-01
   1.0000000e+00  -2.1207664e-01   1.9298481e+00   9.6382169e-01
   1.0000000e+00  -3.3853386e-01   9.4943560e-01   4.7709038e-01
   1.0000000e+00  -6.9291406e-01   6.7229060e-01   3.2689573e-01
   1.0000000e+00   7.2264899e-01   8.8775016e-02  -8.1146865e-01
   1.0000000e+00  -1.4876130e+00  -4.2034745e-02  -7.7494573e-01
   1.0000000e+00   2.8670789e-01   1.3657347e+00  -7.9211877e-01
   1.0000000e+00  -2.1505287e-01   5.2695217e-01  -4.9041655e-01
   1.0000000e+00  -5.4621622e-01   2.8381359e-01  -5.1725537e-01
   1.0000000e+00  -2.4373964e-01   1.3713896e+00  -5.5416866e-01
   1.0000000e+00   5.7436569e-01   9.1680894e-01   2.2575173e-01
   1.0000000e+00  -5.7651697e-01   1.5004872e+00  -5.9110611e-01
   1.0000000e+00   4.9275682e-01  -1.3603324e+00   4.4798611e-01
   1.0000000e+00  -5.2000671e-01   7.5270555e-01  -5.5904472e-01
   1.0000000e+00  -9.9381584e-01   1.8933484e+00   1.0953430e+00
   1.0000000e+00   2.0018141e+00   2.5917195e-01   4.8776597e-01
   1.0000000e+00   2.5891895e-01  -7.3482796e-02   5.8555133e-01
   1.0000000e+00   1.1793527e+00   2.1005398e-01  -5.7495344e-01
   1.0000000e+00  -1.0046161e+00  -2.4097199e-01   6.7965128e-01
   1.0000000e+00   2.2477744e+00  -5.7031680e-01  -4.2740135e-01
   1.0000000e+00  -1.0687829e+00   1.1760993e-01   1.9275695e-01
   1.0000000e+00  -1.4419172e+00   3.5956023e-01  -1.1937967e+00
   1.0000000e+00   6.9718675e-01  -5.6271002e-01  -1.3213786e+00
   1.0000000e+00   3.3422861e-01  -5.1384019e-02  -3.3403463e-01
   1.0000000e+00   4.2471340e-01   1.3629605e+00   1.5911206e+00
   1.0000000e+00   4.6108025e-01   6.6554083e-01   7.6336652e-01
   1.0000000e+00   8.9972274e-01  -2.9841611e-01  -7.5221629e-01
   1.0000000e+00   1.5597852e+00  -1.4602233e-01  -2.3334055e-02
   1.0000000e+00   5.8959046e-01   5.4728769e-01  -1.8329553e+00
   1.0000000e+00   7.3977507e-01  -6.8621261e-01  -1.7514860e+00
   1.0000000e+00  -1.1565999e+00   1.3654381e+00   6.7141560e-01
   1.0000000e+00   3.3353976e-01  -3.1870911e-01   7.3163122e-03
   1.0000000e+00   7.2494646e-01   1.7224077e-01  -4.2989492e-01
   1.0000000e+00   2.7651111e-01   2.0681417e+00   1.4614636e+00
   1.0000000e+00  -5.2028099e-01   1.6730410e-01   1.1539219e+00
   1.0000000e+00  -1.0324169e-01  -4.1908575e-01  -1.0018913e+00
   1.0000000e+00  -4.6320754e-01   9.3997082e-01  -3.4977618e-01
   1.0000000e+00   2.4445647e-02  -1.7493227e-01   6.8834196e-01
   1.0000000e+00   1.8478921e+00   4.3666585e-01   1.5157974e+00
   1.0000000e+00   1.0351022e+00  -1.3317442e-01  -1.1253014e+00
   1.0000000e+00  -2.8985708e-01  -2.0111723e-01  -1.5842784e+00
   1.0000000e+00   1.8648121e+00  -6.6652902e-01   5.4857826e-01
   1.0000000e+00  -1.9063732e-01  -8.9809564e-02  -8.5929149e-02
   1.0000000e+00  -1.6496905e+00   1.5098688e+00   5.4307474e-01
   1.0000000e+00  -1.5528155e-01  -1.4117886e+00  -4.6740130e-01
   1.0000000e+00  -2.1126296e-02  -8.4969743e-02  -2.4390991e+00
   1.0000000e+00  -6.4325133e-01  -1.8629741e+00   1.2990969e+00
   1.0000000e+00  -8.5386498e-01   9.6018670e-01   7.9146943e-01
   1.0000000e+00   5.8655603e-02   9.1473640e-01  -5.7139822e-01
   1.0000000e+00   2.2823455e-01   2.8860845e-01  -1.4916561e-01
   1.0000000e+00   1.2512563e+00  -4.4879963e-01  -2.4120849e-01
   1.0000000e+00  -1.7876086e+00   8.3490842e-01   7.7569099e-01
   1.0000000e+00  -1.7595316e-02   1.1069510e+00  -1.3271504e+00
   1.0000000e+00   1.5724510e+00   8.7468762e-01  -2.1111756e+00
   1.0000000e+00   2.0800563e-01   6.6681841e-01  -3.5340298e-01
   1.0000000e+00  -1.9053281e+00  -1.6464351e+00   9.6123153e-03
   1.0000000e+00  -9.1397214e-01   6.7418112e-02  -1.0642258e-01
   1.0000000e+00  -1.8948062e-01  -9.4306339e-01  -2.2102362e-01
   1.0000000e+00  -3.6471507e-01  -2.6940143e-01   8.0343247e-01
   1.0000000e+00   9.5580758e-01   1.6276506e+00   2.0122756e+00
   1.0000000e+00  -1.5771369e-01   6.6178485e-01  -4.4272004e-01
   1.0000000e+00  -1.6313411e+00   1.8100150e-01   1.0249912e+00
   1.0000000e+00  -6.1434892e-01   7.6102764e-01  -5.4226639e-02
   1.0000000e+00   1.6641042e+00   3.0162416e-01  -1.0606860e+00
   1.0000000e+00  -1.2834971e-01  -1.8772812e-02   1.4265689e+00
   1.0000000e+00  -8.2316124e-01   3.9915169e-01   1.8782065e+00
   1.0000000e+00  -1.5950383e+00  -9.4521240e-01  -1.5577224e+00
   1.0000000e+00  -3.2709893e-01   1.2848626e-01  -4.6434101e-01
   1.0000000e+00  -4.9510470e-01   2.5726655e-01   1.2153006e-01
   1.0000000e+00  -5.4066242e-01   3.5411243e-01   2.7482253e-01
   1.0000000e+00  -2.5208633e+00   5.2135052e-02  -1.7581080e+00
   1.0000000e+00   1.4811157e+00   1.5627796e+00  -8.7505671e-01
   1.0000000e+00   1.5438436e-01   2.6440287e-01  -4.0979001e-02
   1.0000000e+00   1.0034096e+00   4.6056446e-01  -3.5826669e-01
   1.0000000e+00  -7.1382113e-01   1.0818110e+00  -4.2330985e-01
   1.0000000e+00   4.5770385e-01   6.5676591e-01  -7.3890828e-01
   1.0000000e+00   7.5703275e-01   2.3158954e-01   8.2887199e-02
   1.0000000e+00  -2.2993642e-01   2.7231184e-01   5.2471415e-01
   1.0000000e+00   9.5917601e-01  -1.3414573e-01   4.5354753e-01
   1.0000000e+00   9.1549412e-01   1.3155159e+00  -1.1995487e+00
   1.0000000e+00  -6.0949212e-02  -2.5842876e+00  -1.3150375e+00
   1.0000000e+00  -1.5828816e+00   9.2226752e-01   1.0439266e+00
   1.0000000e+00  -1.7850627e+00  -5.4973137e-01   6.9506433e-01
   1.0000000e+00  -2.3753455e-01  -4.7359324e-01  -7.3844483e-01
   1.0000000e+00   4.9788761e-01   5.1877108e-01  -1.1025451e+00
   1.0000000e+00  -3.4333288e+00  -4.9920908e-01   7.9635457e-01
   1.0000000e+00  -3.0800881e-01   1.4191978e+00  -3.4065842e-01
   1.0000000e+00  -1.8992441e-01  -1.2246515e+00  -8.3243619e-01
   1.0000000e+00  -8.8720942e-01   1.2281853e+00  -9.2039585e-01
   1.0000000e+00  -1.2543021e+00   5.7193031e-01   8.7673217e-02
   1.0000000e+00  -5.3830896e-01  -4.8138361e-02  -1.0381189e+00
   1.0000000e+00  -6.8221146e-01   1.6159490e+00   6.9555299e-02
   1.0000000e+00  -5.6545397e-02   1.0530516e+00   1.3606594e+00
   1.0000000e+00  -3.5847367e-01  -7.0387867e-01  -1.5839988e+00
   1.0000000e+00  -1.5651117e+00   1.0975576e+00   7.8540080e-01
   1.0000000e+00  -2.1937447e+00  -1.8005154e-01   3.6025221e-01
   1.0000000e+00  -2.4482968e-01  -1.3755259e+00  -9.5794306e-01
   1.0000000e+00   5.4498290e-02  -3.6971885e-01  -2.8874234e-01
   1.0000000e+00   1.7111173e+00  -8.2270934e-01  -1.7925258e+00
   1.0000000e+00   7.6489069e-01   1.1647257e+00  -1.5771119e-01
   1.0000000e+00   9.9611296e-01   4.6155004e-01  -3.1866253e-01
   1.0000000e+00  -5.8137687e-01  -1.3668329e+00  -4.1649632e-01
   1.0000000e+00  -7.4677626e-01  -2.9125976e-01  -5.9494607e-01
   1.0000000e+00  -6.0315698e-01  -7.2862590e-02  -6.4061099e-01
   1.0000000e+00   9.5244334e-01   3.4631538e-01   4.6663982e-01
   1.0000000e+00   1.2807576e+00   1.3194791e+00  -7.0276755e-01
   1.0000000e+00   8.7208543e-01  -1.0546634e+00  -3.9752698e-01
   1.0000000e+00  -6.9600673e-01   1.6731729e+00   5.3615196e-01
   1.0000000e+00   2.0676686e-01  -6.1168639e-01  -4.8645470e-01
   1.0000000e+00  -2.5439277e-01   1.0166434e-01  -1.2776784e+00
   1.0000000e+00   1.3665388e+00  -2.3329402e+00  -1.5150436e+00
   1.0000000e+00   1.1200184e+00   3.8872493e-01   5.8530806e-01
   1.0000000e+00   5.0364062e-01   1.0517050e-01  -7.0898327e-01
   1.0000000e+00  -1.0303298e+00  -1.0277128e+00  -1.6665838e-01
   1.0000000e+00   6.2830817e-01   1.6339330e-03   2.4220093e-01
   1.0000000e+00   4.1469786e-01  -5.0796113e-01  -5.6491533e-02
   1.0000000e+00   1.0637497e+00  -1.6357623e+00   1.5143081e-01
   1.0000000e+00  -3.7090825e-01  -2.8139865e-01   9.0570793e-01
   1.0000000e+00  -1.1826742e+00  -3.7594234e-01   1.6068493e+00
   1.0000000e+00   1.3611188e-01   1.0608919e+00  -1.4794746e-02
   1.0000000e+00  -1.0308847e+00  -4.7473048e-02   2.3856231e-01
   1.0000000e+00   6.3954709e-01  -1.4533867e+00  -3.9102060e-01
   1.0000000e+00   9.6650068e-01  -5.5336201e-01   1.3223615e-01
   1.0000000e+00  -1.0380306e+00   1.6094191e+00   1.9309031e-02
   1.0000000e+00   4.8127139e-02  -4.4092546e-01  -9.2399160e-02
   1.0000000e+00  -1.1435863e-02  -1.8735150e-01   2.3935779e+00
   1.0000000e+00  -1.1070006e+00   1.1171289e+00   8.0364036e-02
   1.0000000e+00   2.5705262e+00   8.4966277e-01   6.1209584e-01
   1.0000000e+00   7.6382713e-02  -4.7685789e-01   5.1611150e-01
   1.0000000e+00   1.1315419e+00   2.0227712e+00  -7.9062636e-01
   1.0000000e+00   4.5901741e-01   1.7916001e-01   3.7022877e-01
   1.0000000e+00  -1.1495276e-01  -7.7389115e-02   1.6036434e+00
   1.0000000e+00   3.8701291e-01   6.1911727e-01   1.2848439e-01
   1.0000000e+00   4.9943924e-01   3.3492364e-01  -4.0682267e-01
   1.0000000e+00  -2.2842703e+00  -5.7922648e-01  -9.7590298e-01
   1.0000000e+00   1.5936399e+00   2.4549619e-01  -5.7011673e-01
   1.0000000e+00  -2.2373678e-01   7.6386503e-01  -2.5688686e-01
   1.0000000e+00   4.3466739e-01   1.5723300e+00   1.4698896e+00
   1.0000000e+00  -3.3451619e-01   1.0620492e+00   3.5016807e-01
   1.0000000e+00   5.7251223e-01   4.2897823e-01   1.0444706e-01
   1.0000000e+00  -6.3522048e-01   8.9269832e-01  -2.3768040e-01
   1.0000000e+00   5.4815880e-01  -1.6286347e+00  -1.1940804e-01
   1.0000000e+00  -3.4867895e-01  -9.2446464e-01   6.6753716e-01
   1.0000000e+00  -2.2030261e-02  -1.0055692e-01   1.6463120e+00
   1.0000000e+00  -2.2877906e-01  -1.1098927e+00   9.7705004e-01
   1.0000000e+00   3.0206026e+00   3.1633440e-02   2.7107035e-01
   1.0000000e+00   3.2022456e-01   3.8959651e-01   4.5140488e-01
   1.0000000e+00   5.9215988e-01   6.5314532e-01  -2.8504614e-01
   1.0000000e+00   1.0326030e+00  -1.5889307e+00   6.1316689e-01
   1.0000000e+00   1.0168596e-01   2.8277488e-01  -8.4775272e-01
   1.0000000e+00  -1.6032348e+00   1.3381835e+00   1.0987314e+00
   1.0000000e+00  -1.1691254e+00   1.6867837e+00   1.1327709e+00
   1.0000000e+00   1.3138796e+00   5.8063663e-01   8.3057582e-01
   1.0000000e+00  -1.7644229e+00   6.3802889e-01  -3.3022358e-01
   1.0000000e+00   3.0153101e-01   6.9487310e-01   1.2514052e+00
   1.0000000e+00   8.6907111e-01   1.8888532e-01   1.6475912e+00
   1.0000000e+00   1.5871209e-02  -5.5108189e-01   9.6897799e-01
   1.0000000e+00   1.6192855e+00   9.0751372e-01   4.1884176e-01
   1.0000000e+00  -1.5158407e+00  -1.3114485e+00  -2.6607077e-01
   1.0000000e+00  -4.5211673e-01   1.8324787e+00  -3.3369788e-01
   1.0000000e+00   4.8707745e-01  -2.3666012e-01  -5.6454868e-01
   1.0000000e+00  -4.9309782e-01  -6.4537895e-01  -1.0047400e-01
   1.0000000e+00  -5.8451005e-01  -2.5443455e-01   5.7489103e-01
   1.0000000e+00   1.2240546e+00   2.0968884e-01   2.2473603e-01
   1.0000000e+00   1.2959069e+00  -5.6987523e-01   8.2298576e-01
   1.0000000e+00  -4.5618248e-01   9.9167522e-01  -2.5279585e+00
   1.0000000e+00  -2.8343133e-01  -1.6026084e+00  -5.1772839e-02
   1.0000000e+00  -1.7104302e+00   6.1497272e-01   6.2672174e-02
   1.0000000e+00  -6.5898475e-01   4.8113890e-01  -6.2687621e-01
   1.0000000e+00  -1.0085508e+00  -2.8283297e-01   1.2014939e+00
   1.0000000e+00  -4.7311277e-01  -1.2095590e+00   6.9751368e-01
   1.0000000e+00   1.5658590e+00   2.0245245e-01  -2.5558913e+00
   1.0000000e+00  -2.1521695e-01   3.1593305e+00   1.6830463e-01
   1.0000000e+00  -2.0992615e+00  -2.2134020e-01   1.3786152e+00
   1.0000000e+00  -4.3683269e-01   1.6297366e+00  -4.9724606e-01
   1.0000000e+00  -1.0228022e+00   1.7678506e+00  -3.9620681e-01
   1.0000000e+00  -4.5669873e-01   6.3279100e-01   4.5219385e-01
   1.0000000e+00   8.4120825e-01  -1.1250452e+00   1.3333288e+00
   1.0000000e+00   6.5202602e-01  -4.1486046e-01   1.6943220e+00
   1.0000000e+00   1.1426189e-01   7.7402721e-01  -2.1648587e+00
   1.0000000e+00  -4.7830248e-01  -1.9308526e+00  -1.1768839e+00
   1.0000000e+00  -6.0181969e-01   1.6582401e-02   5.0196501e-01
   1.0000000e+00   1.8374722e-01   9.0403250e-01  -9.2530438e-01
   1.0000000e+00  -1.5924499e-01  -3.3205750e-01   1.0514598e-01
   1.0000000e+00  -2.1406487e-02   1.0828266e+00   2.1977647e+00
   1.0000000e+00  -1.8704725e+00  -1.0794699e-01   2.7167569e-01
   1.0000000e+00   6.9756384e-01  -1.3463569e+00   1.7068785e+00
   1.0000000e+00  -1.0194529e+00  -5.4033216e-01  -2.1918697e-01
   1.0000000e+00  -4.6899052e-01   3.2334490e-01   7.0694250e-01
   1.0000000e+00   6.3855616e-01  -2.6925490e-01   3.8024492e-02
   1.0000000e+00  -3.8632639e-01  -3.6848060e-01  -1.1413422e+00
   1.0000000e+00  -1.9597843e-01  -1.2793640e+00   6.3609618e-02
   1.0000000e+00   3.1169471e-01  -4.9809959e-01  -6.3519959e-01
   1.0000000e+00   1.4858493e-02  -3.2702751e-01   8.7385988e-01
   1.0000000e+00  -1.5561823e+00   1.3802080e+00  -7.0679916e-01
   1.0000000e+00   1.3077462e+00   3.9499064e-01   8.7672052e-01
   1.0000000e+00  -8.2234590e-01   9.2298641e-02   6.8998034e-01
   1.0000000e+00  -7.1382514e-01  -3.2921187e-01   4.9456150e-02
   1.0000000e+00  -2.8512444e+00  -5.1241385e-01  -4.9010110e-01
   1.0000000e+00  -1.0848877e-01  -1.0409128e+00   1.1756129e+00
   1.0000000e+00   7.0690455e-01   7.0037054e-01   3.6330089e-02
   1.0000000e+00   1.0687332e+00  -2.0345239e+00   1.2328338e+00
   1.0000000e+00  -3.6741968e-01   4.5345618e-01  -9.1035282e-01
   1.0000000e+00  -1.1349255e+00  -6.4914634e-01  -6.8359879e-02
   1.0000000e+00  -1.3345955e+00   8.9537236e-01   4.0228981e-01
   1.0000000e+00  -1.3788212e+00   6.7354681e-01  -8.1278581e-01
   1.0000000e+00   1.8861519e+00   7.9421971e-01   8.5997141e-01
   1.0000000e+00   3.4899259e-01  -7.7251647e-01   2.0224669e+00
   1.0000000e+00   1.2866705e+00  -2.1931571e+00  -1.2200958e+00
   1.0000000e+00   1.4530567e+00  -6.0123674e-01   1.8487188e-01
   1.0000000e+00   2.9608640e-01   6.2771036e-01  -1.4980574e-01
   1.0000000e+00   4.3184996e-01  -3.0223916e-01   2.7459091e-01
   1.0000000e+00   3.6259243e-01   1.0625628e+00   1.6268736e+00
   1.0000000e+00  -4.0538873e-02  -1.4235346e+00   4.3841171e-01
   1.0000000e+00  -2.4633893e-01   1.6411687e-01   1.3706953e-01
   1.0000000e+00   1.3001344e+00   2.9147539e-01   3.1163695e-01
   1.0000000e+00   1.1466033e+00   4.9082183e-01  -6.5775190e-02
   1.0000000e+00  -1.3133788e+00  -1.2105579e+00   2.8652657e-01
   1.0000000e+00   1.0041003e+00  -5.1820263e-01   3.4676189e-01
   1.0000000e+00   7.0509339e-01  -2.3538991e-02   1.5561485e+00
   1.0000000e+00  -8.7272450e-01   4.1658551e-01  -1.6870241e+00
   1.0000000e+00  -2.5732011e-01  -1.3638053e+00  -1.1530887e+00
   1.0000000e+00   2.1683310e+00   1.1307441e+00  -1.2251227e+00
   1.0000000e+00   2.1540619e-01   1.2900725e+00   1.1002503e+00
   1.0000000e+00  -1.2153852e+00   3.7554912e-01  -8.9879182e-02
   1.0000000e+00  -1.6179992e+00  -2.3728267e+00  -1.5908543e+00
   1.0000000e+00   1.6562576e+00  -8.5526745e-02   3.1081160e-01
   1.0000000e+00   1.3040841e+00  -4.4901614e-01   1.8801562e-01
   1.0000000e+00   3.2665687e-01   1.2337301e-01   1.1165793e+00
   1.0000000e+00   6.1290782e-01  -4.7928761e-02   3.2073860e-01
   1.0000000e+00  -6.0186969e-01   3.0275421e-01  -3.6572534e-01
   1.0000000e+00  -3.5520564e-01   6.3971959e-01   1.0834330e+00
   1.0000000e+00   6.8125502e-01  -6.9600453e-01   8.7082900e-02
   1.0000000e+00   1.1705406e+00  -1.3906887e+00   1.1954095e+00
   1.0000000e+00  -1.4517847e-01   2.5903016e-01  -4.4892782e-01
   1.0000000e+00  -6.2868753e-01   1.7139041e+00   8.5100579e-01
   1.0000000e+00  -3.7616722e-02   1.2468961e+00   1.9361293e-01
   1.0000000e+00   1.2020284e+00  -1.3279511e+00  -2.0903627e-01
   1.0000000e+00  -4.3450190e-01  -1.7706906e-01  -1.8528146e-01
   1.0000000e+00   2.3693082e-01  -1.1247922e+00  -3.5305604e-01
   1.0000000e+00  -5.0365796e-01  -3.3430758e-01   1.3824109e+00
   1.0000000e+00   3.6528836e-01   3.4447637e-02   9.8962835e-02
   1.0000000e+00   4.4771281e-01  -1.1431224e-01   1.1218863e-02
   1.0000000e+00  -1.5917804e+00  -1.9552678e-01  -4.7941053e-02
   1.0000000e+00   1.5720074e+00   1.0616764e+00   1.1041652e-01
   1.0000000e+00  -5.7175749e-01  -1.6268536e-01   5.1729297e-01
   1.0000000e+00   8.0572436e-01   1.7323345e+00  -3.5675176e-01
   1.0000000e+00  -4.4562098e-01   9.9425733e-01   7.4434135e-01
   1.0000000e+00   8.2794409e-01   6.0550050e-01  -7.5063900e-01
   1.0000000e+00  -6.7296316e-02   2.1776811e-01   8.5494961e-01
   1.0000000e+00   3.4005041e-01   2.2031415e+00   1.9916463e-01
   1.0000000e+00  -5.2540182e-01   5.1292474e-02  -9.5181834e-01
   1.0000000e+00  -5.2156032e-01  -5.7783056e-02   2.0889102e+00
   1.0000000e+00   3.5458535e-01   1.5571110e+00  -7.1246207e-01
   1.0000000e+00  -1.2296786e+00   4.4592587e-01  -5.0523471e-01
   1.0000000e+00   5.7845317e-01   1.2783728e+00  -6.3029614e-02
   1.0000000e+00  -2.1578238e+00   9.5355441e-01  -6.9794751e-01
   1.0000000e+00   3.0789962e-01   1.2460947e+00  -1.6519067e-01
   1.0000000e+00   9.9231735e-01  -9.5620385e-01   2.5891674e-01
   1.0000000e+00   2.3408515e-01  -9.5092243e-01   1.5003604e+00
   1.0000000e+00  -8.6152616e-01   7.9360271e-01   7.4275228e-01
   1.0000000e+00   2.4614542e-01  -4.6304927e-01   6.9810497e-01
   1.0000000e+00  -6.9820128e-01  -4.9168421e-01   2.5288247e-01
   1.0000000e+00   6.6852603e-02  -3.1277055e-01   7.1956984e-01
   1.0000000e+00   1.7143173e+00  -1.5432974e+00  -6.2476275e-01
   1.0000000e+00  -1.6540296e+00   7.0326098e-01  -8.0639930e-01
   1.0000000e+00   9.9281597e-01  -1.0516232e-01  -9.3489587e-01
   1.0000000e+00   1.1905120e+00  -8.1390185e-01  -1.0664945e+00
   1.0000000e+00   5.7768402e-01   4.4274989e-01  -1.7631328e+00
   1.0000000e+00   2.4449171e-01   1.6046119e+00   6.9885523e-01
   1.0000000e+00  -1.2516411e-01  -1.1378173e+00   1.8698561e-01
   1.0000000e+00  -8.8621807e-01  -9.1540664e-01   4.1074665e-03
   1.0000000e+00  -4.2065844e-01   6.8645547e-01   2.9755641e+00
   1.0000000e+00  -1.2992709e+00  -6.5355703e-01   6.6756667e-01
   1.0000000e+00   7.3886636e-01  -1.3594539e+00  -3.7525181e-01
   1.0000000e+00   1.1529361e+00  -1.2548272e+00   2.3222500e-01
   1.0000000e+00  -3.8675229e-01   2.7293185e+00  -1.2676021e+00
   1.0000000e+00  -2.4766319e-01   3.0439604e-01  -1.1568219e+00
   1.0000000e+00  -9.5555005e-01   1.0135079e-01  -4.3319479e-01
   1.0000000e+00   1.2902222e+00   1.8926618e+00   3.9720756e-01
   1.0000000e+00  -6.5252900e-01   2.5214634e+00   1.3167197e-02
   1.0000000e+00   2.8133529e-01   1.8205083e+00   4.1824906e-01
   1.0000000e+00   8.8851163e-01  -1.2576295e+00   8.1981914e-01
   1.0000000e+00   4.4424368e-01  -1.0818930e+00  -6.8157332e-01
   1.0000000e+00   1.0490643e+00   1.7581245e+00  -2.6313462e-01
   1.0000000e+00   2.1108009e-01   6.0197796e-01  -1.1121767e+00
   1.0000000e+00  -3.8972641e-01  -1.1378952e+00   1.7465809e+00
   1.0000000e+00   3.7764917e-01  -1.3115439e+00  -1.9620684e+00
   1.0000000e+00   1.2497317e+00  -1.9268774e-01  -7.9031101e-01
   1.0000000e+00  -1.9119856e-01  -4.6290202e-01  -1.2527278e+00
   1.0000000e+00   1.4453520e+00   1.5326854e+00   8.5500368e-01
   1.0000000e+00   6.3799698e-01   1.6338567e+00  -1.0930623e+00
   1.0000000e+00  -2.0946557e-01  -2.7478219e-01   4.0830500e-01
   1.0000000e+00   3.7625545e-01   4.4708289e-01  -8.8176283e-01
   1.0000000e+00   3.4894936e-02   1.1873251e+00   5.8998373e-02
   1.0000000e+00   2.3168977e-01  -8.5765445e-01   4.6114523e-01
   1.0000000e+00  -4.4946772e-01   8.8450172e-03  -1.6208118e+00
   1.0000000e+00   1.5294372e+00   8.0582102e-01   3.4992262e-01
   1.0000000e+00   2.3367432e-01   1.6631311e+00   1.4693294e-01
   1.0000000e+00   1.8441580e-01  -1.2144703e+00  -8.5704857e-01
   1.0000000e+00  -7.7143805e-01  -5.8024641e-01   9.2067331e-01
   1.0000000e+00  -5.7847576e-01  -1.3987979e+00  -9.0004283e-01
   1.0000000e+00  -2.5581542e+00  -8.1498578e-01  -5.0814625e-01
   1.0000000e+00   6.4106244e-02   1.9760716e-01   7.3695672e-01
   1.0000000e+00   2.7081683e-01   2.3376815e-01   6.4372236e-01
   1.0000000e+00  -1.3916941e+00  -1.6369757e-01   1.1742982e+00
   1.0000000e+00  -1.9966760e-01   8.6355325e-01   7.9381768e-01
   1.0000000e+00   1.9074129e+00   1.3745412e+00   1.4918738e+00
   1.0000000e+00   1.0890524e+00  -1.6031478e+00  -1.1848601e+00
   1.0000000e+00   1.3245343e+00  -4.4848159e-01   4.7746307e-01
   1.0000000e+00   1.6225891e+00  -9.3519340e-01  -7.0172443e-01
   1.0000000e+00   1.0427971e+00  -1.2758967e-01   1.1307063e+00
   1.0000000e+00  -8.0162134e-01   2.2759768e-01  -1.0691019e-01
   1.0000000e+00  -1.3251612e+00   5.5941455e-01   2.2130304e+00
   1.0000000e+00  -1.3673757e+00  -6.6582551e-01  -6.9259656e-01
   1.0000000e+00   1.3327630e-01   7.7714205e-02   1.4366718e-01
   1.0000000e+00   4.6934618e-01   2.4373901e-01  -6.3325809e-01
   1.0000000e+00  -3.0704614e-01   6.7049303e-01  -8.8138818e-01
   1.0000000e+00  -3.4860879e-01   1.1281090e+00  -1.4793738e-01
   1.0000000e+00  -2.9892607e-01   1.0497277e+00  -3.7868433e-01
   1.0000000e+00  -1.8931471e+00   2.2366386e+00   7.7539506e-01
   1.0000000e+00  -1.8317571e+00  -1.9844970e+00   1.0711372e+00
   1.0000000e+00   1.1358284e+00  -2.5161702e-01   3.5311718e-01
   1.0000000e+00   1.2379181e+00   3.7590028e-01  -1.9755289e+00
   1.0000000e+00  -6.7271780e-01  -8.0217540e-01   3.4897956e-01
   1.0000000e+00   7.5069157e-02   7.0012451e-01  -8.8646163e-01
   1.0000000e+00   7.0736200e-01   8.0642200e-01  -7.7473736e-01
   1.0000000e+00  -2.8939730e-01   1.6790643e-02  -3.4974746e-02
   1.0000000e+00   1.4626455e+00  -1.8454841e+00   1.2159424e+00
   1.0000000e+00  -1.2074834e+00  -1.2133539e-01   9.0896139e-01
   1.0000000e+00   1.2103981e+00   3.8053574e-01   1.3151097e-02
   1.0000000e+00  -1.1091314e+00  -4.1447938e-01   1.0754858e+00
   1.0000000e+00   1.0691221e-01  -1.4280305e+00   1.3776737e+00
   1.0000000e+00  -7.4241489e-01   3.0764854e+00   3.9615488e-01
   1.0000000e+00  -1.9653187e+00  -2.9355671e-01  -9.0070794e-01
   1.0000000e+00  -5.7787802e-01   1.1134795e+00   1.1339224e+00
   1.0000000e+00   5.5132452e-02   6.1262403e-01  -1.0265779e+00
   1.0000000e+00  -5.5819931e-01  -1.4916347e+00   4.8347798e-02
   1.0000000e+00  -3.1232303e-01   5.0525962e-01   1.0119615e+00
   1.0000000e+00  -1.3843056e+00   1.5425909e+00  -8.2435944e-01
   1.0000000e+00  -2.1251851e+00   2.2487927e+00   2.3876538e-01
   1.0000000e+00  -3.7267318e-01   9.5028047e-02   1.2477385e+00
   1.0000000e+00  -2.4758990e-01  -8.6614930e-01  -1.8494541e+00
   1.0000000e+00  -1.6443660e-01   1.3183788e+00   4.1377430e-01
   1.0000000e+00  -8.8798113e-01   5.1048412e-01  -1.0645877e+00
   1.0000000e+00   1.1306897e-01   1.5518577e+00  -1.3284768e+00
   1.0000000e+00  -1.9661354e+00  -5.6332562e-01  -3.3916560e-02
   1.0000000e+00   1.6331665e+00   8.4505778e-03   7.1921510e-01
   1.0000000e+00   1.1901616e+00  -2.9924055e-01  -1.2055111e-01
   1.0000000e+00  -6.3727754e-01   9.2904237e-01  -5.3372201e-01
   1.0000000e+00  -2.3388960e-01  -1.7986556e-01   1.1662697e-01
   1.0000000e+00   2.5744056e-01  -8.7078974e-01   6.3503506e-01
   1.0000000e+00   2.9344576e+00  -7.6601371e-01   7.9636147e-01
   1.0000000e+00  -4.8473118e-01   1.3446221e+00  -3.0236702e-01
   1.0000000e+00  -8.6703971e-01   8.9576109e-02   1.2251008e+00
   1.0000000e+00   8.7270916e-01  -3.5399355e-01  -1.5042210e+00
   1.0000000e+00  -3.8278865e-01   8.3488913e-01   1.1648678e+00
   1.0000000e+00   2.0181439e+00  -1.8951122e+00   3.4484899e-01
   1.0000000e+00   4.1831385e-01   5.0581132e-01  -6.6541783e-01
   1.0000000e+00  -1.3473856e+00   8.9751607e-01   2.7200113e-01
   1.0000000e+00  -7.2809410e-03   2.2243338e-03   7.3507634e-01
   1.0000000e+00   2.1755216e+00   3.1182867e-01  -1.0260516e+00
   1.0000000e+00  -9.4553576e-01   1.8847206e+00  -1.0559021e+00
   1.0000000e+00   1.5418424e-01  -1.4017880e+00   9.9456330e-01
   1.0000000e+00  -5.6190750e-01   2.2235754e+00  -2.0382107e-01
   1.0000000e+00  -7.4726660e-01   4.9606020e-01   1.1879205e+00
   1.0000000e+00   1.9725967e-01  -1.7427106e-02   7.7168441e-01
   1.0000000e+00  -6.6845360e-01   2.0555511e-01  -6.9131160e-01
   1.0000000e+00  -7.4202284e-01  -9.2704791e-01   3.4606137e-01
   1.0000000e+00   7.4839217e-01  -2.5867320e-01   1.1389383e+00
   1.0000000e+00  -1.1963073e+00  -1.4131559e-01   4.5079464e-01
   1.0000000e+00  -8.4029854e-01   1.1892790e-01   6.4960178e-01
   1.0000000e+00   6.2977060e-01  -8.8945060e-01  -6.4916311e-01
   1.0000000e+00   1.6842495e-01   7.3372230e-01  -1.3925734e+00
   1.0000000e+00   1.0405218e+00  -3.1268149e-01   5.7756490e-01
   1.0000000e+00   1.7078091e+00  -1.5617950e+00  -7.8918800e-01
   1.0000000e+00  -5.5742032e-01  -6.3410212e-03   1.0075318e+00
   1.0000000e+00  -5.7293325e-01  -1.6797402e+00  -5.6727385e-01
   1.0000000e+00   8.0500214e-01   2.5309481e-01   1.5286886e+00
   1.0000000e+00   4.3397621e-01   3.6140112e-01   1.7066926e+00
   1.0000000e+00   1.4866184e-01  -1.9710916e-01   2.9923392e-01
   1.0000000e+00   9.9142595e-01  -1.3272653e+00   2.9520543e-01
   1.0000000e+00   2.5895836e-01   1.3144537e-01   1.4070703e-02
   1.0000000e+00   5.2146504e-01   8.2463403e-01  -7.5895370e-01
   1.0000000e+00  -4.0367998e-01   1.0835414e-01  -1.1963102e+00
   1.0000000e+00  -9.0141062e-02   6.2684399e-01   4.0527599e-01
   1.0000000e+00   7.9446465e-01   5.3385344e-01   7.4156115e-01
   1.0000000e+00  -1.4619128e+00  -1.7796783e+00   2.2182577e-01
   1.0000000e+00   1.4034486e+00  -1.1396199e+00  -5.1271764e-01
   1.0000000e+00  -3.4733689e-01  -1.2828178e+00   2.9200502e-01
   1.0000000e+00  -6.9474582e-01  -7.7198404e-01   1.8095521e-01
   1.0000000e+00   5.0828215e-01   5.8219705e-01  -1.4887680e+00
   1.0000000e+00   6.3820649e-01   7.3501960e-01   1.7060423e+00
   1.0000000e+00   1.2127662e+00  -1.0257305e+00   7.5589349e-01
   1.0000000e+00  -1.0582859e+00  -1.5638336e-01  -3.5550603e-01
   1.0000000e+00  -4.1002747e-02  -1.2285032e+00   4.2336358e-01
   1.0000000e+00  -1.5282496e+00   1.5349487e+00  -4.6429979e-01
   1.0000000e+00   9.4546641e-01  -9.1322266e-01   2.3607138e+00
   1.0000000e+00   2.2175791e+00   8.2434698e-01  -6.3752913e-01
   1.0000000e+00   1.3139917e+00   7.2675843e-01   3.0870271e-01
   1.0000000e+00  -2.2804393e-01  -6.2956235e-01  -4.8239483e-01
   1.0000000e+00   1.6428983e+00   1.4855537e+00  -4.5519119e-01
   1.0000000e+00  -8.9302573e-02  -7.6711790e-01  -3.1771606e-01
   1.0000000e+00  -1.6793827e-01   3.9210603e-01  -9.2240603e-01
   1.0000000e+00   2.3021551e+00   5.1957614e-01  -2.0731399e-01
   1.0000000e+00  -8.6333754e-01  -1.2614355e+00  -7.5483868e-01
   1.0000000e+00  -1.0544221e+00   8.3105695e-01   3.9863513e-01
   1.0000000e+00   2.2319881e+00  -5.1526175e-01  -8.7755714e-01
   1.0000000e+00   2.6983026e-01  -1.8000134e-01   1.7992688e+00
   1.0000000e+00   4.0932800e-01  -2.2866632e+00  -1.3495900e+00
   1.0000000e+00  -1.7884709e+00   8.7985918e-01  -1.2896992e+00
   1.0000000e+00  -2.7558520e-01  -1.9270029e-01   3.0191671e-02
   1.0000000e+00  -8.6243240e-01   1.2108800e+00  -6.8821492e-01
   1.0000000e+00   7.7579427e-01   6.5171834e-01  -6.8781898e-01
   1.0000000e+00   2.6159480e-01   5.7205538e-01   3.4826312e-01
   1.0000000e+00  -1.1790882e+00  -1.8378141e+00   9.1430050e-01
   1.0000000e+00   5.1368918e-02  -3.6363317e-01   8.5715070e-01
   1.0000000e+00   5.6695622e-01  -7.6631009e-01   7.8013520e-01
   1.0000000e+00   5.0981128e-01  -4.8220018e-01  -6.4305058e-01
   1.0000000e+00   4.6083853e-02   1.6766501e-01  -2.8126062e+00
   1.0000000e+00   2.7628276e+00   2.1406021e+00  -1.1660492e+00
   1.0000000e+00   1.0308853e+00   6.4652240e-01  -1.1477685e-01
   1.0000000e+00   3.4992700e-01  -8.4462910e-01   1.3223859e+00
   1.0000000e+00   1.2360432e+00  -1.4118973e+00   8.8139020e-01
   1.0000000e+00   1.5486556e-01  -1.3711023e-01  -1.0155420e+00
   1.0000000e+00  -9.1722577e-01  -3.1225464e-01  -7.7524476e-01
   1.0000000e+00  -7.9297645e-01   7.9231868e-01   5.3367101e-01
   1.0000000e+00   9.7397441e-01   6.3432020e-01   1.0557893e+00
   1.0000000e+00  -3.5217660e-01  -3.0786723e-01  -1.5860151e-02
   1.0000000e+00   1.4958696e+00   8.9235291e-01   7.2855353e-02
   1.0000000e+00   3.7867010e-01   1.0632908e+00  -1.9231462e-01
   1.0000000e+00   9.9376747e-01   3.2944446e-01   2.7288543e-01
   1.0000000e+00  -5.0793575e-01   8.2800755e-01  -2.1107245e+00
   1.0000000e+00   1.1911336e+00  -8.4902381e-01   2.6946686e-01
   1.0000000e+00   4.9715165e-01  -2.6547329e-01   2.6330953e-01
   1.0000000e+00  -4.6725411e-01   5.4831562e-01  -1.1755331e+00
   1.0000000e+00   1.1965064e+00   1.1513072e+00  -2.0275247e+00
   1.0000000e+00   2.8235197e-01   1.7508198e-01  -4.9413370e-01
   1.0000000e+00  -1.6070489e-01  -2.4837766e-01  -4.9601868e-01
   1.0000000e+00  -1.6556447e+00  -2.1339376e+00   1.5307089e+00
   1.0000000e+00  -5.4355718e-01  -9.5874228e-01  -4.3857478e-01
   1.0000000e+00  -5.5473531e-01   9.7422880e-01  -1.1200453e+00
   1.0000000e+00  -4.2163709e-01   4.6168939e-01  -5.0939204e-01
   1.0000000e+00  -1.6825006e-01   5.7265005e-01   1.6785009e+00
   1.0000000e+00  -1.4026895e+00   1.4261786e+00   8.7680171e-01
   1.0000000e+00   6.5889645e-01  -2.3629157e-01  -6.0177969e-01
   1.0000000e+00   2.4373707e-02  -9.1023094e-01   5.4173752e-01
   1.0000000e+00   2.0564097e-01   2.4311363e+00   1.2125036e-01
   1.0000000e+00   4.5161488e-01   8.1660016e-01   1.3998521e+00
   1.0000000e+00  -2.9501716e-01   7.0560465e-01   1.1653056e+00
   1.0000000e+00   1.7262592e+00   1.3460972e-01  -2.0618879e-01
   1.0000000e+00  -6.2926701e-01   1.2720884e-01  -9.6825934e-01
   1.0000000e+00  -5.2062999e-01   1.5695935e+00  -1.6336782e+00
   1.0000000e+00  -4.8743499e-01   7.4523089e-01   1.6683567e-04
   1.0000000e+00  -1.2681074e-01  -7.1250314e-01  -3.1601052e-01
   1.0000000e+00  -2.0676917e-01   1.0757705e+00  -1.2979398e+00
   1.0000000e+00   1.5781440e+00  -4.1258903e-02  -6.3515688e-01
   1.0000000e+00  -8.3365901e-01   1.1479845e+00  -7.3559411e-01
   1.0000000e+00   2.1146503e-01  -2.2401944e+00   2.1864120e+00
   1.0000000e+00  -1.3630116e+00   4.6755163e-01  -6.4766578e-01
   1.0000000e+00  -6.3824796e-02   4.4612319e-01  -1.7164414e+00
   1.0000000e+00   2.3558011e-02  -6.0730402e-01  -2.2549607e-01
   1.0000000e+00   4.9995590e-01  -8.4442929e-01   1.9517481e+00
   1.0000000e+00   1.3908299e+00   9.2916312e-01   1.8237165e-01
   1.0000000e+00  -6.8580941e-01  -1.9024177e+00  -1.5908290e+00
   1.0000000e+00  -1.0379584e+00   7.6491464e-01   1.2377585e+00
   1.0000000e+00  -1.2193279e+00   1.3073749e+00  -1.9711499e-01
   1.0000000e+00  -1.5029361e+00   1.3482370e+00   9.9478371e-01
   1.0000000e+00  -4.1809667e-01   1.2265751e+00   1.3359557e+00
   1.0000000e+00   1.3325543e+00   8.4822787e-01  -4.4056966e-01
   1.0000000e+00   6.6765333e-01   1.3190442e+00   2.3285388e-01
   1.0000000e+00  -4.6460762e-01  -3.1577118e-01  -3.3295183e-01
   1.0000000e+00   4.1114279e-01  -8.6192551e-01   2.0351702e-01
   1.0000000e+00  -4.4610926e-01   1.6925232e-01  -3.3280430e-02
   1.0000000e+00   8.6652719e-01   4.2685403e-01  -1.1590869e-01
   1.0000000e+00   5.9916790e-01   5.0874711e-01   7.2432384e-01
   1.0000000e+00  -1.3645839e+00  -3.5144005e-02   1.4632208e+00
   1.0000000e+00  -1.3965320e+00   3.9014562e-01  -1.2235679e+00
   1.0000000e+00   2.0490639e+00   1.7078713e+00  -1.3931613e+00
   1.0000000e+00  -1.5063266e+00  -4.7893509e-01  -1.2828145e+00
   1.0000000e+00   1.8275353e+00  -7.7989745e-01  -1.6576096e-01
   1.0000000e+00  -1.0859685e+00   3.3799688e-01   7.6555908e-01
   1.0000000e+00   9.9345916e-01   2.1767881e-01   1.5178625e+00
   1.0000000e+00   2.7604834e-01  -6.3492042e-01   6.2201257e-01
   1.0000000e+00  -4.0573745e-01  -1.0074299e+00  -1.8281790e+00
   1.0000000e+00  -6.1503530e-01  -6.5443177e-01   1.6902773e+00
   1.0000000e+00  -9.2771196e-01  -6.7046497e-01   1.1305885e+00
   1.0000000e+00   5.2086434e-01  -1.2012616e+00  -3.3041729e-01
   1.0000000e+00   1.3491037e+00  -1.5484800e-01   7.7791980e-01
   1.0000000e+00  -1.3372130e+00   2.9272010e-01   6.4530812e-01
   1.0000000e+00   4.2086191e-01  -2.9025561e-01  -2.1938955e+00
   1.0000000e+00   1.1966517e+00  -1.3192890e+00   8.1832833e-01
   1.0000000e+00  -2.3127323e-01   6.4405870e-01  -7.5445378e-01
   1.0000000e+00  -3.8158930e-01   1.5087485e+00  -1.5949627e-01
   1.0000000e+00   9.7195680e-01   4.9992135e-01   7.8048302e-02
   1.0000000e+00  -1.3027299e+00   3.9499687e-01   2.0618545e+00
   1.0000000e+00   4.8663357e-01   1.9059030e-01  -1.7726660e+00
   1.0000000e+00  -1.6436480e+00  -5.7701010e-01  -1.0745839e+00
   1.0000000e+00   7.9411442e-01   8.5703490e-01   1.7561560e+00
   1.0000000e+00   1.4736708e+00  -7.7476943e-01   5.6703051e-01
   1.0000000e+00  -8.2713499e-01   1.7286406e+00   2.0452346e+00
   1.0000000e+00   9.1463864e-01  -2.5649751e-01  -8.8883718e-01
   1.0000000e+00  -5.7602110e-01  -7.5881427e-01   7.0805135e-01
   1.0000000e+00   6.9221718e-01   7.8873496e-01   2.8826162e-01
   1.0000000e+00  -6.3643649e-01  -8.5220906e-01   1.4475393e+00
   1.0000000e+00  -1.4589339e-01  -1.4601408e-01   2.7574854e-01
   1.0000000e+00  -5.6066814e-01   1.6417559e+00   7.8443588e-01
   1.0000000e+00  -8.7586194e-01  -2.6180425e-01  -6.8185132e-01
   1.0000000e+00   3.4508516e-01  -5.2187814e-01   3.3538808e-01
   1.0000000e+00   8.1219535e-01  -3.2191281e-01   1.0682110e+00
   1.0000000e+00  -1.9988055e-01  -1.2127277e+00  -8.8684026e-01
   1.0000000e+00  -7.7871731e-01   8.0595775e-01   5.9782766e-01
   1.0000000e+00  -1.0156711e+00   2.1656311e-01   1.1321962e+00
   1.0000000e+00  -1.8108739e-01  -4.6968856e-01   1.3848450e-01
   1.0000000e+00  -1.0847455e-01  -1.5183778e+00   2.1999543e-01
   1.0000000e+00   1.4739227e+00   1.2535738e-01  -3.0234271e-01
   1.0000000e+00  -9.4024052e-01   8.4838496e-01  -7.9773829e-01
   1.0000000e+00  -1.9652463e+00  -6.1278867e-02   5.3689977e-01
   1.0000000e+00  -8.2870527e-01   2.0033963e+00   2.7595537e-01
   1.0000000e+00  -5.3544317e-01  -4.0372131e-01  -1.2996553e+00
   1.0000000e+00   1.2051246e-01   3.7815763e-01  -3.9700034e-01
   1.0000000e+00   1.3121719e+00  -8.0817454e-01   1.4132871e+00
   1.0000000e+00   4.6470585e-01  -1.2976229e+00  -4.1227393e-01
   1.0000000e+00   1.1252284e+00  -2.0195665e-01   4.7421929e-01
   1.0000000e+00   2.1304208e+00  -8.3171903e-01   1.0974269e+00
   1.0000000e+00   1.2751996e+00  -4.7768901e-01   1.2394931e+00
   1.0000000e+00   2.5910001e-01  -1.3922989e-01   1.1442680e+00
   1.0000000e+00  -1.0570356e-01  -8.0876659e-01   4.3098426e-01
   1.0000000e+00   6.3096917e-01   6.6929709e-01   1.1987757e+00
   1.0000000e+00  -6.2668960e-01   1.6040346e+00   1.6992462e-01
   1.0000000e+00   1.0399564e+00   9.3542692e-01  -1.8868268e+00
   1.0000000e+00   4.4862534e-01   3.0054711e-01   1.1852801e+00
   1.0000000e+00   2.2162000e-01  -9.7468975e-01   2.9427448e-01
   1.0000000e+00   9.0167246e-01  -8.9646615e-01  -5.7796700e-01
   1.0000000e+00   2.1778916e-01   5.5400333e-01   1.2316445e-01
   1.0000000e+00  -1.7000107e-01   9.8947630e-01  -6.4401526e-01
   1.0000000e+00  -8.4312149e-01   1.7521442e+00   4.3882770e-01
   1.0000000e+00  -1.1490384e+00  -5.1910236e-01   1.7807860e+00
   1.0000000e+00   3.5565856e-01   1.1297104e+00   1.1630724e+00
   1.0000000e+00  -1.0340242e+00   6.3791695e-01  -5.7698941e-01
   1.0000000e+00   5.0683008e-01  -5.0006432e-01   7.9192227e-01
   1.0000000e+00  -3.1019207e-01   6.2734545e-01   1.1837380e+00
   1.0000000e+00   4.6186321e-01   1.6675582e-01   1.3676787e+00
   1.0000000e+00  -6.5050600e-02  -1.4596667e+00  -2.2171500e-01
   1.0000000e+00  -1.2679190e+00  -1.9622589e+00  -9.5709950e-02
   1.0000000e+00   1.5066629e-01  -1.9477639e-01   6.6653985e-01
   1.0000000e+00  -3.5800541e-01   7.3080599e-01   2.6877842e+00
   1.0000000e+00   3.8716566e-01   6.2574969e-01   3.4169590e-01
   1.0000000e+00   4.2793391e-01  -1.0079346e+00   1.9384615e+00
   1.0000000e+00  -4.5057057e-01   1.3049617e-01  -9.0490379e-02
   1.0000000e+00   4.8520049e-01  -1.9859518e-01   1.3495161e-01
   1.0000000e+00   1.6255426e-01  -1.9059593e-01   1.6034335e+00
   1.0000000e+00   6.3651312e-02  -3.6148437e-01  -1.4492232e+00
   1.0000000e+00  -1.5896167e-01   2.7489070e-01   1.6402905e+00
   1.0000000e+00   1.1419870e+00   1.4536786e+00   1.5757346e+00
   1.0000000e+00   5.6351631e-01  -2.0651589e-01   7.3611359e-02
   1.0000000e+00  -3.3101510e+00   2.6743681e-01   6.9443181e-01
   1.0000000e+00   7.6690645e-01   2.6951638e-01  -5.3054996e-01
   1.0000000e+00   4.3067544e-02   1.9856513e-02   7.2330150e-01
   1.0000000e+00   7.4527174e-01   3.9428901e-01  -3.7278831e-02
   1.0000000e+00  -1.6896970e-01  -1.6027516e+00  -1.7489955e+00
   1.0000000e+00  -2.6323451e+00  -2.0065964e+00   7.6297456e-01
   1.0000000e+00   1.5626239e+00  -2.1632090e-01   4.7048372e-01
   1.0000000e+00  -1.4711259e+00  -9.2894151e-01   1.8500926e+00
   1.0000000e+00  -4.0897944e-01   3.1249281e-02   9.9106738e-01
   1.0000000e+00  -7.4658812e-01  -7.4195300e-01  -8.6083640e-01
   1.0000000e+00   1.2261340e-01   1.4993654e+00   8.8744535e-01
   1.0000000e+00   7.6851050e-01  -9.5300309e-01   1.5659682e+00
   1.0000000e+00   1.3541548e+00   4.4404197e-02  -2.9267062e-01
   1.0000000e+00   1.2215051e-01  -8.1496850e-01   4.5313519e-01
   1.0000000e+00   2.1657502e-01  -1.0207593e+00   3.7961937e-01
   1.0000000e+00   1.6839163e+00   4.0955426e-01  -1.2290003e-01
   1.0000000e+00  -2.0609504e+00  -1.9494000e-01   6.0646236e-01
   1.0000000e+00   7.0172936e-02   5.4875587e-01  -2.9760225e+00
   1.0000000e+00   1.0454440e+00   1.3379957e+00   1.0804056e-01
   1.0000000e+00   6.1900019e-01   4.7477344e-01   6.4292718e-01
   1.0000000e+00  -2.9040837e-01   5.5701118e-01   7.5560236e-01
   1.0000000e+00   5.7418814e-01   7.4249202e-01   2.4287649e-01
   1.0000000e+00   2.1279251e+00  -1.0758782e-01  -3.0947569e-01
   1.0000000e+00   7.2096295e-01   7.8718274e-01   3.9289176e-01
   1.0000000e+00   6.6069262e-01   2.1596634e-01  -2.8442110e-01
   1.0000000e+00  -1.0785536e+00   2.8881987e-02   6.8114257e-01
   1.0000000e+00   9.1592178e-01   7.4034033e-01   8.7052505e-01
   1.0000000e+00   4.6036993e-01  -8.2053084e-01  -3.0906263e-01
   1.0000000e+00  -1.3559229e+00  -1.5486818e+00  -1.0629602e-01
   1.0000000e+00   1.4457498e+00  -8.8453553e-01   5.4721952e-01
   1.0000000e+00  -5.6943068e-01   4.8148234e-01   5.2852323e-01
   1.0000000e+00   6.5987444e-01  -1.7875229e-01   1.5057654e+00
   1.0000000e+00  -1.2546076e+00  -2.1092214e-01   8.1342261e-01
   1.0000000e+00   7.8144421e-01   1.0355304e-01  -4.6125279e-02
   1.0000000e+00   5.7715288e-01  -9.1638244e-01  -5.9240157e-01
   1.0000000e+00   3.0194010e+00  -1.8342177e+00  -5.9799263e-01
   1.0000000e+00   1.1071275e+00  -5.5620999e-01   1.6394058e+00
   1.0000000e+00  -5.8404752e-01  -2.3881477e-01  -4.6038232e-01
   1.0000000e+00   9.4127805e-01   1.6365224e-01   1.8140757e-01
   1.0000000e+00  -2.8940002e-01  -2.6457246e-01  -1.1269113e+00
   1.0000000e+00  -1.5718457e-01  -1.0530464e-02  -2.0728923e-01
   1.0000000e+00   5.7603468e-01  -1.8604214e+00   1.5999821e+00
   1.0000000e+00   2.8132312e-01   3.0655120e-01   1.2438710e-01
   1.0000000e+00   4.4896034e-02   5.5277573e-01  -3.7174379e-01
   1.0000000e+00  -7.5680901e-01  -2.8069297e-01  -4.4886005e-01
   1.0000000e+00  -1.1287526e+00  -5.4188262e-01  -1.3419666e+00
   1.0000000e+00   5.8877745e-01   1.6283857e-01  -1.2174458e+00
   1.0000000e+00  -1.6496385e-01  -6.6955708e-01  -7.4761060e-02
   1.0000000e+00   4.9197675e-01  -3.9156288e-01  -2.1548067e-01
   1.0000000e+00   5.6946539e-01  -2.5152324e-01   9.4740109e-02
   1.0000000e+00  -3.2654514e-01   9.9619907e-01  -2.9732127e+00
   1.0000000e+00  -5.3605487e-01  -1.0700575e-01   1.2345348e+00
   1.0000000e+00  -1.9996607e+00   1.1268563e+00  -4.3327353e-01
   1.0000000e+00  -1.3525540e+00  -1.0356476e-01   1.3814284e+00
   1.0000000e+00   1.8285038e+00   7.0887191e-01  -1.3137953e-01
   1.0000000e+00  -2.1819163e-01  -1.5062537e+00   7.5234221e-02
   1.0000000e+00   1.7782848e+00   1.8503441e+00  -2.7645235e-02
   1.0000000e+00   5.8362367e-01  -8.6743640e-01  -3.4375371e-01
   1.0000000e+00   3.1309235e-01   4.0074957e-01   1.0390788e-01
   1.0000000e+00  -6.9376026e-01  -2.4421203e-02   8.4635580e-01
   1.0000000e+00  -5.1926042e-02   5.9053613e-01  -1.0609568e+00
   1.0000000e+00   1.2793960e-01   1.9257664e-01  -8.3480254e-01
   1.0000000e+00   7.2588324e-02  -4.8595247e-02  -1.9607590e+00
   1.0000000e+00   1.3237860e+00   1.3320268e+00   1.0278910e+00
   1.0000000e+00  -7.0286617e-01   4.4422004e-01  -4.5787808e-01
   1.0000000e+00  -1.8418390e+00  -1.9919765e+00  -6.2694844e-01
   1.0000000e+00  -2.1845206e+00  -6.8294495e-01   7.6206340e-01
   1.0000000e+00  -2.6276175e+00   3.2849814e-01   5.0424752e-01
   1.0000000e+00   2.1926188e-01  -1.1409315e+00   2.2639639e+00
   1.0000000e+00   1.8225499e+00   1.0244991e+00  -1.3807752e+00
   1.0000000e+00   5.1548120e-01  -6.5904089e-01   5.1152811e-01
   1.0000000e+00  -1.2720029e+00  -8.4598397e-01  -1.6600422e+00
   1.0000000e+00  -1.9351260e+00   1.6668326e+00   1.8320090e-01
   1.0000000e+00  -1.0614707e+00  -3.5782706e-01   1.2543550e+00
   1.0000000e+00  -3.8021745e-01  -9.5588248e-01  -8.6708584e-01
   1.0000000e+00  -1.6006135e+00  -8.9987618e-01   2.3094995e-01
   1.0000000e+00   1.7027309e-01   1.1745545e+00  -4.2592677e-01
   1.0000000e+00   5.8291016e-01   1.8405998e+00   1.2499057e+00
   1.0000000e+00  -1.0365362e+00   4.6503708e-01   5.7716133e-01
   1.0000000e+00   4.1750872e-01   9.6586055e-01   1.7300466e+00
   1.0000000e+00   8.8690776e-01  -1.6120773e+00   7.6925407e-01
   1.0000000e+00  -1.1060771e+00   2.8049345e-01  -1.0216417e+00
   1.0000000e+00  -6.5243542e-01  -2.1469372e-01   2.5114385e-01
   1.0000000e+00   1.2267785e-01   1.2928034e+00  -8.5783377e-01
   1.0000000e+00   1.0574470e+00  -1.9915061e-01  -1.3479297e+00
   1.0000000e+00   2.3715612e+00  -1.9555164e+00   4.9242039e-01
   1.0000000e+00   6.5700405e-01   2.2104083e-01   1.3669561e+00
   1.0000000e+00   4.6684557e-01   8.7312681e-02  -1.5223651e+00
   1.0000000e+00   4.1133966e-01  -1.0735711e-01  -1.0096035e-01
   1.0000000e+00   6.1855291e-03  -4.6344551e-01  -3.2079581e-01
   1.0000000e+00  -1.1059220e+00   1.9097484e+00  -9.4460785e-01
   1.0000000e+00   7.4845055e-01   4.5660941e-01  -1.0101571e+00
   1.0000000e+00  -6.6780243e-01   3.0167930e-01  -1.0553449e+00
   1.0000000e+00  -2.4051624e+00  -1.6167165e+00  -1.1340241e+00
   1.0000000e+00  -1.5550818e+00   4.9964240e-01   6.7312568e-01
   1.0000000e+00  -9.8594604e-01  -1.3635933e+00   5.9327906e-02
   1.0000000e+00  -1.1419467e+00   4.3623538e-01  -3.8407861e-01
   1.0000000e+00   4.6739472e-01   2.4725653e+00  -6.9362896e-01
   1.0000000e+00  -1.6135734e-01  -1.1445415e+00  -4.4151576e-01
   1.0000000e+00   1.7200322e-01   4.3834223e-01  -2.9583853e-01
   1.0000000e+00   7.2687700e-01   6.9807235e-01   1.6600246e-01
   1.0000000e+00   2.1007588e-01  -4.3808861e-02  -1.6913287e+00
   1.0000000e+00  -1.5204815e+00  -1.2792191e+00   7.6458657e-01
   1.0000000e+00   1.3112409e+00   6.8055494e-01   2.5121684e+00
   1.0000000e+00  -1.0215769e+00   1.0053597e+00  -1.8168830e-01
   1.0000000e+00   2.3418912e-01  -1.0645645e+00   5.4976510e-01
   1.0000000e+00  -1.1410660e+00  -1.8910395e+00   1.2735205e+00
   1.0000000e+00   3.2982198e-01   3.9339527e-02  -4.5880779e-01
   1.0000000e+00   1.5211687e+00  -8.1396296e-01  -2.5366744e+00
   1.0000000e+00   1.2701745e+00   1.0728366e+00   5.6850732e-01
   1.0000000e+00  -2.0821481e+00   1.6170318e-01   7.1557991e-01
   1.0000000e+00   4.9443644e-01   1.6413365e-01   1.1608894e+00
   1.0000000e+00  -3.3992426e-01  -4.8461875e-01  -3.3634344e-01
   1.0000000e+00  -1.3688515e+00   1.3063790e-01   1.8820010e+00
   1.0000000e+00  -1.2325187e-01   7.2825179e-01   1.1622661e-01
   1.0000000e+00  -2.2400392e+00  -1.3581187e+00  -2.7445917e+00
   1.0000000e+00  -2.1671081e+00  -7.2500035e-01   7.4938439e-01
   1.0000000e+00   9.6802169e-01   5.5600196e-01  -4.9904963e-01
   1.0000000e+00   1.6680064e+00  -7.7625672e-01   2.6701524e-01
   1.0000000e+00   2.0181197e-01   1.2326701e+00   4.1065188e-03
   1.0000000e+00  -1.1085751e-01   1.2310682e+00  -1.6622941e-01
   1.0000000e+00  -3.9222438e-01   1.1710374e+00   1.9484660e-02
   1.0000000e+00  -1.6982415e-03   7.7169774e-01  -9.2506009e-01
   1.0000000e+00  -4.3071637e-01  -1.7329566e+00   1.0210987e+00
   1.0000000e+00   1.6621627e+00   3.8384724e-01  -9.5969144e-01
   1.0000000e+00   1.1568057e+00  -9.4351914e-01  -6.4221833e-01
   1.0000000e+00  -1.6612663e+00  -5.4590456e-01  -2.4175387e+00
   1.0000000e+00   2.5551372e-01  -5.4018585e-01   1.8216277e+00
   1.0000000e+00  -1.2656597e+00   9.3956823e-01  -6.3418016e-01
   1.0000000e+00  -1.3405024e+00  -2.2513756e-01  -1.1847952e-02
   1.0000000e+00   4.6464029e-01   1.0348817e+00   9.4778313e-01
   1.0000000e+00   3.6544676e-01   5.3002089e-01  -4.5334971e-01
   1.0000000e+00   1.4550996e-01  -7.9808190e-01   9.9198684e-01
   1.0000000e+00  -1.5908863e+00  -7.2695598e-01  -3.2071727e-01
   1.0000000e+00  -4.9539761e-01   3.5544365e-01  -4.5101204e-01
   1.0000000e+00   7.3366260e-01  -8.9009416e-01  -1.3933259e-01
   1.0000000e+00  -1.2897397e+00  -1.1633248e-01   4.6741511e-02
   1.0000000e+00  -1.5585734e+00  -9.2049250e-01  -8.0016165e-01
   1.0000000e+00  -8.4364846e-01   1.3220228e+00   1.0829201e+00
   1.0000000e+00   2.0746494e+00   1.8421764e+00  -2.7147302e-01
   1.0000000e+00  -8.3087284e-01  -1.6036725e-01   4.8115546e-01
   1.0000000e+00   5.2401378e-01  -2.1611457e+00   1.9402270e-01
   1.0000000e+00  -1.2879825e+00   9.2448668e-01   6.4792182e-01
   1.0000000e+00   1.1976082e+00   1.5910842e+00  -1.4666591e+00
   1.0000000e+00  -9.7391651e-01   1.3486253e+00   6.2028443e-01
   1.0000000e+00  -9.9002133e-01  -6.1741862e-01  -1.0441578e+00
   1.0000000e+00   1.3298173e+00  -6.9715805e-01   1.6279016e+00
   1.0000000e+00  -1.4250461e+00   8.8801832e-01   2.7573850e-01
   1.0000000e+00   1.7422101e+00  -1.0526829e+00  -6.9469560e-01
   1.0000000e+00  -6.4755618e-01   2.7302270e+00   2.9592223e+00
   1.0000000e+00   1.3284931e+00   1.4828134e+00   1.5980067e+00
   1.0000000e+00  -2.2041792e-01  -2.5737684e-01   1.2028026e+00
   1.0000000e+00   1.5097631e-01   1.1391360e+00   1.3067395e+00
   1.0000000e+00   9.9586425e-01   6.0959868e-01   5.0745429e-01
   1.0000000e+00   2.5757549e-01   1.5834358e+00   1.7904089e-01
   1.0000000e+00  -3.1702949e-01  -8.6809462e-01  -1.2321520e+00
   1.0000000e+00   1.1044940e+00   9.7096582e-01  -1.2224060e+00
   1.0000000e+00  -2.0150900e-01   5.3243705e-01   4.0334414e-01
   1.0000000e+00   1.6884106e+00   7.9329065e-01  -4.8395362e-01
   1.0000000e+00  -1.1480280e+00   1.6790871e+00   9.9369712e-02
   1.0000000e+00   9.5579519e-01  -1.0256469e+00  -1.7911776e+00
   1.0000000e+00  -2.9530687e+00   5.4055045e-01   6.8762731e-01
   1.0000000e+00  -1.9115576e+00  -7.3131352e-01   3.9315389e-01
   1.0000000e+00  -2.2800749e+00   8.0968702e-01   2.1377712e-01
   1.0000000e+00   4.6458914e-01  -2.1028038e+00   1.0870712e+00
   1.0000000e+00  -3.1639292e-01   1.6632392e+00   7.4900671e-01
   1.0000000e+00   5.4152519e-01   1.3700380e+00   1.3641176e+00
   1.0000000e+00  -6.6304457e-02  -1.1004268e+00  -3.4304384e-01
   1.0000000e+00  -1.6749326e-02  -4.6952868e-01  -9.4993424e-01
   1.0000000e+00  -3.8042044e-01  -1.5281169e+00  -6.8114781e-02
   1.0000000e+00   3.7729336e-01  -4.8782519e-01   8.2873922e-01
   1.0000000e+00   1.3431673e+00  -5.4728607e-01  -1.0657065e+00
   1.0000000e+00  -5.5109025e-02  -1.9639432e+00  -4.8876480e-01
   1.0000000e+00  -6.0207861e-01  -5.2785660e-01  -2.4707556e-01
   1.0000000e+00   1.1472840e+00   2.4706469e-01  -9.6885060e-02
   1.0000000e+00  -9.3033149e-01  -9.4364674e-01   1.3871433e+00
   1.0000000e+00   1.1490824e+00  -7.5388609e-02   1.5060959e+00
   1.0000000e+00   1.1725904e+00   2.6600488e-01  -4.2757988e-02
   1.0000000e+00  -1.5465448e+00   1.6038762e-01  -1.0647152e-01
   1.0000000e+00   6.9721708e-01   6.8020954e-02  -1.6909064e+00
   1.0000000e+00   9.7137672e-01   1.9898895e-01   5.6309394e-01
   1.0000000e+00   4.1296029e-01  -5.0843105e-01  -8.8890564e-01
   1.0000000e+00   2.1904118e-01   3.0059350e-02  -2.3641965e+00
   1.0000000e+00  -1.0232361e-01   2.0721852e-01   9.9527403e-01
   1.0000000e+00   1.2190483e+00  -7.5907396e-01  -1.2095448e+00
   1.0000000e+00   6.8049946e-01   3.2238065e-01  -2.4687537e+00
   1.0000000e+00   1.2915576e+00   1.8318530e-01   9.1952993e-01
   1.0000000e+00   2.7174131e-01  -4.7071952e-01  -8.1980975e-01
   1.0000000e+00  -5.6254943e-01   6.3524948e-01  -1.2334647e-01
   1.0000000e+00   3.1554808e-01  -9.8145650e-02   2.0488750e-01
   1.0000000e+00  -1.6402543e+00   4.2395878e-01  -1.2734497e+00
   1.0000000e+00  -7.6156772e-01   2.0761041e+00   2.6161797e-01
   1.0000000e+00   3.3310072e-01  -2.5603870e+00  -2.2232916e+00
   1.0000000e+00   2.3284894e+00   4.2746734e-03  -5.1128629e-01
   1.0000000e+00   8.7239303e-01  -1.1333296e+00   1.8383494e+00
   1.0000000e+00  -1.2453034e+00   1.4656995e+00   1.6003660e+00
   1.0000000e+00  -2.5153379e-01  -4.4902929e-01   1.2963901e+00
   1.0000000e+00   9.5260798e-01   1.5836246e+00   9.2134209e-01
   1.0000000e+00  -1.7722742e-01   2.9242124e-01  -7.4254398e-01
   1.0000000e+00   1.4946487e-01  -1.5419476e+00  -1.6194323e+00
   1.0000000e+00  -1.1185286e+00   6.7329074e-01  -2.6323649e+00
   1.0000000e+00   9.7865712e-02   1.3184123e+00   8.1151473e-02
   1.0000000e+00   5.6546458e-01   1.1593226e+00  -1.1326764e+00
   1.0000000e+00  -6.5838860e-01  -9.3670521e-02   2.8658589e-01
   1.0000000e+00  -4.7589954e-02  -1.5078221e+00   9.2246365e-01
   1.0000000e+00  -2.2869545e+00  -8.2126420e-01   1.8586977e-01
   1.0000000e+00  -2.3479867e-01  -1.0510285e+00  -2.8941534e-01
   1.0000000e+00  -1.5136791e-01   1.4154884e+00  -4.9602801e-01
   1.0000000e+00   2.2848119e-01   7.9444550e-01   1.7486743e+00
   1.0000000e+00   1.3921601e+00   2.7224443e-01  -1.5932351e+00
   1.0000000e+00  -5.8614328e-01  -4.2575415e-01  -1.1318408e-02
   1.0000000e+00   4.9348489e-01   3.4175148e-01  -9.6459913e-01
   1.0000000e+00   1.1186938e+00   2.1532171e-01  -9.7962086e-01
   1.0000000e+00   5.1369124e-01   6.0509916e-01  -4.6574304e-01
   1.0000000e+00  -2.2072380e-01  -2.6121318e+00   1.8460327e+00
   1.0000000e+00   7.8565985e-01  -5.3009388e-02  -3.4864955e-01
   1.0000000e+00  -6.1913244e-01   2.0939839e+00  -9.2404494e-01
   1.0000000e+00   1.5338274e-01   4.8301790e-01  -1.7095172e+00
   1.0000000e+00  -1.4214411e-01   1.3692904e+00   3.2789546e-01
   1.0000000e+00   1.6952147e-01   3.7923333e-01   1.3551986e+00
   1.0000000e+00   1.8783870e-01   1.1555165e+00   1.6946264e-01
   1.0000000e+00   7.5245990e-01  -3.5483265e-01   7.3624834e-01
   1.0000000e+00  -6.9907553e-01   1.1418673e-01  -7.4733338e-01
   1.0000000e+00   1.4622525e+00   9.2181319e-01   7.9645468e-01
   1.0000000e+00   2.2434552e+00   3.3559928e-01  -1.2720532e+00
   1.0000000e+00  -1.4348313e-02  -6.5786262e-01  -8.0910573e-01
   1.0000000e+00  -1.2290769e-01  -1.1601904e+00   3.3398480e-01
   1.0000000e+00  -1.5522515e+00  -2.2712661e+00   1.2703991e+00
   1.0000000e+00   6.7385971e-01  -3.8294334e-01  -1.0512217e+00
   1.0000000e+00  -3.4301990e-01   1.6964429e+00   3.6489180e-01
   1.0000000e+00   2.3912580e-01  -1.3474754e+00  -5.8753423e-01
   1.0000000e+00  -1.4195277e+00   9.1215886e-01   7.4400012e-01
   1.0000000e+00  -6.3014481e-01  -1.2321886e+00   1.4548348e+00
   1.0000000e+00  -1.3071461e+00   6.3704768e-02  -1.0773421e+00
   1.0000000e+00  -3.5140501e-01   1.1178393e-02   6.0298355e-01
   1.0000000e+00  -1.0353014e+00  -2.1096457e-01   4.8828848e-01
   1.0000000e+00   8.8237080e-01   1.5051122e+00  -4.1111894e-01
   1.0000000e+00   5.9377976e-01   8.5060886e-01   3.5491451e-01
   1.0000000e+00   8.9328702e-03   6.5654781e-01  -5.7244292e-01
   1.0000000e+00   1.1034036e+00  -2.1967310e-01  -1.1633668e-01
   1.0000000e+00  -3.2561288e-01  -2.0294029e+00  -6.5957418e-01
   1.0000000e+00  -1.5758912e-01  -5.9566698e-01  -1.0169114e+00
   1.0000000e+00  -1.2667491e+00   6.8566472e-01   8.0435187e-01
   1.0000000e+00  -1.9572816e-01  -2.0512794e-01  -9.0504653e-01
   1.0000000e+00   1.7698198e+00  -2.7644885e-02   2.6223640e-01
   1.0000000e+00   1.7009783e+00  -6.9757415e-01   1.8541316e+00
   1.0000000e+00   6.3141372e-01  -1.0856861e+00  -1.0854861e+00
   1.0000000e+00   1.7643282e+00  -1.0029888e+00  -6.2774632e-01
   1.0000000e+00  -4.8461398e-01  -5.4406136e-01  -3.2085232e-01
   1.0000000e+00  -3.6981057e-02  -2.6116648e-01   1.8229722e+00
   1.0000000e+00  -6.8381700e-01   9.3557396e-01   2.1509945e-02
   1.0000000e+00  -2.5421679e-01  -9.3148279e-01  -9.0277285e-01
   1.0000000e+00   2.8552471e-01   1.4549753e-01  -9.2302454e-01
   1.0000000e+00   1.0192394e+00  -1.2252903e+00  -8.4835655e-01
   1.0000000e+00  -1.6516796e+00  -2.8307374e+00   1.5684770e+00
   1.0000000e+00  -1.1113751e-01  -1.5181136e+00   1.4163136e-01
   1.0000000e+00  -3.0779782e-01   1.0966620e+00  -1.1783103e-01
   1.0000000e+00   7.2319831e-03  -1.2836504e+00   6.6962590e-01
   1.0000000e+00   2.1455888e-01  -1.1949406e+00  -3.1578881e-01
   1.0000000e+00   1.8271724e-01  -1.9174891e+00  -1.7040748e+00
   1.0000000e+00   5.4978929e-01  -1.1147237e+00  -5.3814853e-01
   1.0000000e+00  -7.2142495e-01  -1.1120716e-01   9.4734913e-01
   1.0000000e+00   6.7567360e-01   7.2184358e-02   1.3908897e+00
   1.0000000e+00  -2.2653763e-01  -9.8979929e-01  -4.5542098e-01
   1.0000000e+00   1.0104403e+00   1.5838442e+00  -9.8762938e-01
   1.0000000e+00  -7.9613517e-01   9.1919460e-01  -7.4630759e-01
   1.0000000e+00  -3.2164854e-01   5.2574628e-01  -1.6005635e+00
   1.0000000e+00   9.7718591e-01  -2.1376380e-01  -1.7196037e+00
   1.0000000e+00  -5.0755722e-01  -5.6577783e-01   4.2421541e-02
   1.0000000e+00   1.9627138e+00   1.4721686e+00   1.8931485e+00
   1.0000000e+00   5.1941852e-01   9.9753343e-02  -1.3049693e+00
   1.0000000e+00  -1.2250886e+00   7.3089676e-01   9.3246371e-01
   1.0000000e+00  -2.6434423e-01   2.3617350e-01  -2.7016121e-01
