   3.3579514e+00
   6.7594309e+00
  -1.4070218e+00
  -6.5018072e+00
  -3.3471202e+00
   9.4037198e-02
   1.3681534e+00
  -1.8087959e+01
   4.7635860e+00
   2.5695952e+00
  -4.5782557e-01
   7.3026990e+00
   3.9593109e-01
   8.7043848e+00
   4.6949730e-01
   3.4220591e+00
   4.0614547e+00
   8.9450567e+00
   1.6388111e+00
   3.9039456e+00
  -7.6328134e-01
  -4.1480006e-01
   1.9299556e+01
  -5.0747950e+00
  -3.4976041e+00
   4.8983077e+00
   7.1476637e+00
   9.9854280e-01
   2.9713499e+00
   4.9548497e+00
   5.3297567e+00
  -1.0425242e+00
   3.1612093e+00
   2.1253908e+00
  -2.3939646e-01
  -4.4535112e-01
  -1.4618303e+01
   9.9016687e-01
  -8.5250106e+00
   4.8878066e-01
   1.0219985e+00
   8.1497235e+00
  -6.8066022e-01
  -1.4764275e+00
  -1.9781184e+01
   9.6500688e+00
  -9.7878997e+00
   2.9074651e+00
  -3.1105140e+00
  -4.4703875e-01
   1.4537417e-01
   2.7041670e+00
  -3.7015639e+00
   5.4809980e-02
   3.7423303e+00
   5.2810860e+00
   1.6901748e+00
   1.9692397e+00
   2.8504911e+00
   9.0849046e+00
  -1.5079790e+00
  -4.3395417e+00
   3.2425413e+00
  -6.3065033e-02
   2.5471683e+00
   4.0607317e+00
  -1.4758886e+00
   1.6320603e+01
   3.0988387e+00
   3.9759091e+00
   9.6615170e+00
  -9.1075580e+00
   6.3496282e+00
  -8.0861666e+00
  -2.1704779e+01
  -2.8783779e+00
   1.6898708e+01
  -1.0789158e+01
  -5.2436343e+00
   4.0189438e+00
   5.3613535e+00
   1.0124311e+01
   1.6202565e+01
  -1.4563244e+00
   1.6033203e+00
  -7.3675560e-01
   2.0725245e+00
  -5.6737894e-01
  -1.2256182e+00
  -4.4909396e+00
  -7.2327121e+00
   1.8424516e+01
  -8.2254382e+00
   4.2565094e+00
  -1.0338848e+01
   8.2216142e-01
   6.0600293e+00
   3.2642391e+00
   1.4997738e-01
  -1.5842705e+00
   1.6882477e+01
   4.7135581e+00
   1.1589205e+01
   3.6480657e+00
  -2.7678295e+00
   3.0883400e+00
   1.6447397e+00
   4.1953352e+00
   5.6683123e+00
  -4.2287731e-01
  -6.2310361e+00
  -5.9712077e+00
  -1.4998867e+01
  -1.7210646e-01
  -1.1122374e+01
   1.1205064e+00
  -1.3479795e+01
   4.7734304e-01
   4.4244999e+00
  -8.8354997e+00
   2.5625602e+00
  -4.2215715e+00
  -6.1383178e+00
  -5.9654959e+00
   1.1927538e+00
   8.7034969e-01
   1.1642102e+00
   4.2315198e-01
  -9.8927684e-01
   8.5013804e+00
  -1.0837805e+01
   9.0583113e-01
  -2.4272956e+00
   1.1268401e-02
  -3.3981107e+00
  -7.3541966e+00
   1.7843635e+01
   1.2747155e+00
   1.5461964e+00
   4.6062016e-01
   1.8601489e+01
   4.4022604e+00
   5.5118339e-01
   8.6368465e-01
  -4.0555746e-01
   1.5931020e+00
   4.6477671e+00
   3.5279793e+00
   1.8039124e+00
  -1.5906915e+00
   2.5396043e+00
  -1.8741387e+00
   2.1006117e+00
   2.9718961e+00
   3.7683514e+00
   3.4913773e+00
   3.6300753e+00
  -9.1525371e-01
   3.7342856e-01
   4.6675985e+00
   3.6992401e+00
  -3.4109602e-01
   1.3333927e+00
  -3.8603629e+01
   5.0209739e+00
   3.3260426e+00
   3.7074352e-01
   1.0285291e+01
   9.3049350e+00
   1.5662683e+00
   1.5425123e+00
  -3.0632633e+00
   5.3023885e+00
   3.7654792e+00
   4.1080286e+00
   2.1271147e+00
   4.9473925e-01
  -2.0605563e+00
   7.2779406e-01
   1.1430618e+00
  -3.3312729e-01
   4.0119850e+00
   8.8607128e+00
  -2.7206836e+00
  -1.3055110e-01
   7.4413213e+00
   7.3450532e+00
   2.3776945e+00
   1.7282753e+00
  -2.5187752e+00
  -2.8270848e+00
   2.3506161e-01
   4.6992992e-01
  -1.5353880e+01
  -1.8866829e-01
   9.6432537e+00
   1.1452910e+00
  -1.8416099e+00
   2.1352771e+00
  -9.4348600e+00
  -1.4652279e+00
   8.0590047e+00
   7.1785474e-01
   3.7220351e+00
   1.3047146e+01
   4.7562728e+00
   7.5419624e+00
   4.7820923e+00
   2.2688607e-01
   1.1316996e+01
  -7.7018877e+00
   1.8289933e+00
   2.6398915e+00
   1.7436230e-01
   4.4848545e+00
  -4.3872332e+00
   8.4272283e+00
   1.3132079e+00
   9.3349247e+00
   1.2136552e+00
   1.4696414e+00
   5.5760878e-01
   2.2554159e+00
   1.4879703e+00
  -1.9386242e+01
  -6.8240136e-01
  -4.1474254e+00
  -2.0644762e-01
  -2.7956984e+00
   2.5507850e+00
   2.4773096e+01
  -2.6851578e+00
   7.9529635e+00
   1.3692476e+00
   3.7866632e+00
   8.5163925e+00
   1.1449161e+01
   2.6334026e+00
   3.1004325e+00
   1.0987473e+00
   3.2645210e+00
  -8.6611898e-01
  -1.0824898e+00
   1.5508924e+00
   1.3533353e+00
   3.5910043e+00
  -4.8696284e+00
   2.3289163e+00
   3.2019347e+00
   5.6454336e+00
  -3.9778732e+00
  -1.2144633e+01
   6.0731326e+00
  -4.0826266e+00
   1.7372282e+00
   1.7254203e+00
  -1.3220573e+00
   3.8959409e+00
  -3.7315023e+00
   1.7284720e+00
   9.3965470e-01
  -8.8958779e+00
   3.1470852e+00
   8.6292647e+00
  -7.1941193e+00
   1.0845891e+01
   8.1322525e-01
  -2.0378293e+00
  -2.9514931e-01
  -8.0236209e+00
   3.1846526e+00
   2.4702574e+00
  -1.5641211e+00
  -2.4407216e+00
   2.0574544e-01
   5.6769479e+00
  -1.6662569e+00
  -1.7093462e+00
   5.2990343e+00
  -1.5585369e+00
  -1.7438534e-01
  -1.4162092e+01
   6.3949155e+00
  -1.2418791e+00
  -2.5411358e+00
   4.2516589e-01
   4.6064362e-01
  -1.3303137e+00
   6.4223564e+00
   7.6750866e+00
   3.1571981e+00
   1.0418718e+00
  -1.4209743e+00
   2.9447371e+00
   3.2578705e+00
   7.1188735e-02
  -5.8973386e+00
   2.9330057e+00
   8.5463032e+00
  -2.3203761e+00
   2.9436543e+00
   5.0558044e+00
  -6.5983594e-01
   2.8657295e+00
  -1.4230427e+00
  -5.5479401e+00
   3.0770941e+00
   1.8470599e+00
   1.4030094e+00
   6.2818888e+00
   2.8046645e+00
   2.7410121e+00
  -1.3282959e+00
  -1.4258290e+00
   1.0111088e+01
  -1.2073658e+00
   4.8808564e+00
   2.1728161e+00
   2.9645792e+00
   1.2099179e+00
  -2.1342242e+00
   1.0720234e+01
   4.2676364e+00
   1.1564644e+01
  -8.8287944e-01
   4.9550946e+00
   7.4723273e+00
   8.2241193e-01
   6.1329472e+00
  -1.5713595e+00
   5.0047802e+00
   6.4898578e-01
  -9.1829443e-01
  -2.9447403e+00
   2.8941881e+00
  -1.2513631e+00
  -1.1628108e+01
  -2.7864199e+00
   2.9108465e-01
  -2.1761691e+00
   8.2008372e+00
  -4.3938472e+00
  -9.7314856e+00
   9.0709823e+00
   5.0252551e+00
   1.9096952e+00
   1.7572395e+00
   1.2120903e+00
   4.7764396e+00
   3.4581553e+00
  -4.8081303e-01
  -4.4378861e+00
   2.3420079e+00
   2.6352045e+00
   1.4694734e+00
   1.9796809e+01
  -3.6055060e+00
   2.0708311e+01
  -2.5243835e+00
   6.5950872e+00
   1.5089613e+00
  -1.3372291e+01
  -1.4408142e+00
   4.6060513e+00
   1.1873542e+01
   3.0454991e+00
   3.4985853e+00
  -2.0019207e+00
   2.0688302e-02
  -4.5145822e+00
   5.9716032e-01
   3.1010981e+00
  -6.2744439e+00
  -1.7298302e+00
  -1.2505063e+00
   1.8164801e+00
  -2.4743817e+00
   3.4345065e+00
   4.0624419e+00
  -1.1977669e+01
   2.2385733e+00
   2.7984902e+00
   2.8796630e-02
   2.3439746e+01
   1.5636190e+00
   2.4097211e+00
   1.0996639e+00
   2.7818995e+00
  -3.7970382e+00
   4.2173177e+00
   1.3559960e+01
   5.6069203e+00
  -1.9977579e+01
   4.5539368e+00
  -2.0513834e+00
   2.5113154e-01
  -2.5936465e+01
   3.7775554e+00
   2.4092645e+00
  -1.4854024e+00
  -1.1761924e+00
   3.3786585e+00
   6.6898933e+00
   6.6608077e-01
   3.3558438e+00
  -1.6034441e+00
   9.7127641e+00
   4.5006395e+00
  -7.8345232e-01
  -1.1853839e+00
  -9.7038549e-01
   3.8857559e+00
   1.6714679e+00
   1.1488473e+00
  -8.6944568e-01
   5.3982735e+00
   7.8836424e-01
   3.4807512e+00
   3.7157093e-01
   1.5658388e+00
  -4.3535616e+00
   7.9565602e+00
  -2.4541900e+00
   1.5863430e+01
  -9.0652997e-01
  -2.1754506e+00
   4.1220407e+00
  -7.2826343e+00
   2.8708971e+00
   2.2625770e+00
   1.7494167e+01
   4.3312937e+00
  -1.7696263e+00
   4.0989654e-01
   2.0032669e+00
  -2.9699052e+00
   2.6622209e+00
   5.9986126e+00
  -5.6686290e+00
   9.2025306e+00
   3.6206651e+00
  -1.1161410e+00
  -1.6948129e+00
   6.1786885e+00
   2.2787198e+00
  -1.1628134e+00
  -1.9769741e-01
   8.9945254e+00
   1.2322510e+00
   6.7186808e-01
   5.1876058e+00
   5.4640084e+00
   1.7755578e+00
   9.9574503e-01
  -2.6014256e+00
   3.1330443e+00
   2.5685402e+00
   9.1561056e+00
  -1.8097603e+01
   5.8964912e+00
  -1.6056834e+01
   8.6134322e+00
   3.1287801e+00
   2.4580950e-01
  -1.4518314e+00
   3.7130577e+00
   2.1830645e+00
   6.5240651e+00
   6.2198412e+00
   4.7989997e+00
   3.6988465e+00
   3.9560358e+00
  -2.7039774e-01
  -5.8326178e+00
  -1.4014639e+00
   3.6142274e+00
   4.7886244e+00
   2.3903194e+00
   1.8396899e+01
  -4.9200892e+00
  -7.7297708e-01
   2.6960794e+00
   3.4944855e+00
  -3.5830626e-01
   1.0228942e+01
  -8.6745325e+00
   2.2254852e+00
   2.2255736e+00
  -7.7176328e-01
   2.0999535e+00
   1.5198445e+00
   7.0576951e+00
   6.3422777e-01
  -4.4261204e-01
   1.8623053e+01
  -1.1184452e+00
  -2.0305192e+00
   5.2462072e+00
   8.5195848e-01
   2.7634833e+00
   5.9679070e+00
   3.0825682e+00
  -8.3802388e+00
  -9.7866998e+00
   4.2217521e+00
  -2.6862484e+00
   3.2349954e+00
  -4.8196225e+00
  -2.5874732e+00
   1.4204073e+00
  -7.0355229e-01
   5.1437680e+00
   2.4135507e+00
  -2.7067819e+00
   3.0563832e+00
   6.1069144e+00
   5.3642616e+00
  -1.9505509e+00
   1.4264588e+00
   7.2805698e-01
  -2.2432216e+00
   1.4013236e+00
  -2.6253861e+00
   5.6069100e-01
   1.4579469e+00
   2.6039185e+00
  -1.1584495e+01
   9.4292992e+00
   1.1869473e+00
  -2.7983156e+00
   4.1645159e+00
  -1.3628492e+00
  -4.6105208e+00
   3.3812570e+00
  -5.8107007e+00
   4.9682358e+00
   6.6125105e+00
   8.2617041e-02
   7.6943617e-01
   1.8247344e-01
   1.0572095e+01
   3.0599532e+00
   1.0143086e+01
   3.2362559e+00
   4.2322640e+00
   5.2253472e+00
  -4.1791902e+00
   2.2510983e+00
  -4.8769438e+00
   1.0370251e+01
   1.9359339e+01
   2.3682705e-01
   6.7750645e-01
   1.5266704e+00
  -2.5711218e+00
  -7.1214797e+00
   4.4555117e+00
   3.7331503e+00
  -2.9863578e+00
  -5.9609267e+00
  -6.5192037e-01
  -5.9777313e-01
  -6.9654439e+00
   9.1417557e+00
  -1.6094823e+00
  -1.1898878e+00
   4.9512370e+00
  -4.5048246e-01
   1.0924024e+01
   2.9531766e+00
   3.7735835e+00
  -3.8138496e+00
   7.1768149e+00
  -2.5185643e+00
  -1.4438941e+01
   4.2288785e+00
  -1.5907983e+00
   1.6144119e+00
  -2.1901423e+00
   1.7385123e+00
  -1.1371216e+01
  -2.1344452e+00
   3.9944097e-01
  -6.9258267e+00
  -5.2816145e+00
   3.4286674e+00
  -7.2248337e+00
   2.6847920e+00
   2.3286567e+00
  -1.6553272e+00
  -2.0650245e+01
  -6.2135152e-01
   3.1148803e+00
   8.0638008e+00
   1.1407772e+01
  -8.0384023e-01
  -7.7434409e+00
   5.8257768e+00
  -1.1258368e+00
   3.4376739e-02
   4.2008827e+00
   3.7892014e+00
   2.1371842e+00
  -4.1806632e+01
  -1.1643337e-01
   1.5100680e+00
  -5.9311464e+00
   2.2441365e+00
   3.5600446e+00
   1.6004317e+00
  -9.1363179e+00
  -1.0990844e+00
   8.3054067e-02
   9.4998267e-01
   1.6505396e+01
   1.2390348e+01
   6.6538294e+00
   4.2891474e-01
   6.1907327e+00
  -8.8658296e+00
   6.7956551e+00
   2.7234377e+00
  -6.3287480e+00
  -3.0617649e+00
   2.0040307e+00
  -2.0964664e+00
   1.1543073e+01
   2.9651630e-01
  -1.9324011e+00
  -4.4369867e+00
  -5.0751890e+00
  -6.1955264e+00
   1.7497112e-02
   3.4225603e+00
   4.3549748e+00
   4.3591812e+00
   1.7806595e+01
   1.9547401e+00
   7.7888331e+00
   2.3469005e+01
   9.6924498e-01
   4.4353759e+00
   3.1931240e-01
  -1.0896916e+00
   7.1756673e-01
   2.8420686e+00
   8.2627980e+00
   6.0462695e+00
   2.5110873e+00
  -6.0517625e+00
  -1.7391691e+01
   9.9306239e-02
   8.8327818e+00
   2.6588450e+01
   5.4814153e+00
  -1.8287874e+01
   5.4487288e+00
  -7.6476138e+00
   2.6118356e-01
   5.5608234e+00
   3.8622338e-01
   9.9657098e-01
   3.7532664e+00
  -6.3532217e+00
   3.6156489e+00
   3.3264275e+00
   8.3911766e+00
  -1.9570682e-01
  -1.5148225e+01
   1.9120702e+01
   3.0858241e+00
  -7.1806733e-01
   3.5439313e+00
   5.5541906e-01
   4.0318303e+00
  -9.3037287e+00
   1.0887479e-01
   1.2310193e+01
   8.3793704e-01
   2.6524299e+00
   6.1355025e+00
  -6.7413941e+00
  -1.2672408e+00
   1.1411975e+01
   7.3208375e-01
  -8.2713538e-01
   1.6926713e+00
   6.8854806e+00
   3.6752044e+00
   3.4597856e+00
  -7.0996172e+00
   1.0271436e+00
   1.0769608e+01
   5.7650694e-01
   4.4880443e+00
   3.8702433e+00
   7.2342114e+00
   1.0317976e+01
  -2.5492426e+00
   1.5143198e+01
   4.3049260e+00
  -1.6620931e+00
   1.6685128e+01
  -9.8589256e-01
   6.9797055e-01
   2.9429156e+00
   4.9655031e+00
   3.6470866e+00
  -1.4594667e+01
   8.2640345e+00
   5.8389803e+00
   9.7052889e+00
  -7.6812412e+00
  -1.0019792e+01
  -1.6150595e+00
  -4.1561054e+00
   8.4044481e+00
   1.6048612e+01
   2.4308531e+00
   2.4935179e+01
   1.1718820e+00
   2.1803626e+00
   4.8218018e+00
  -1.0157043e+01
   1.0153111e+01
   7.9502637e+00
   7.3149899e-01
  -1.6230571e+00
   1.6722233e+00
   3.4720932e-01
   2.3888349e+00
  -6.5129472e+00
  -3.1156876e+00
   2.8914890e+00
  -9.5576912e+00
  -5.3363935e-01
   2.6695409e-01
   8.4294204e+00
   6.9134835e+00
   1.3502033e+00
  -2.6850491e+00
   7.7230840e-01
   3.3949268e+00
  -5.2781404e+00
  -3.2748450e+00
   5.4030659e+00
   8.7499785e+00
   6.7944727e+00
   5.0617069e+00
   2.7216427e+00
   5.1567898e+00
   1.7935547e+00
  -6.4795422e+00
   4.4200873e+00
   1.0184099e+00
  -3.1636745e+00
   5.7372352e+00
   7.7750639e+00
   2.1402702e+01
  -1.7763338e+00
   1.8358229e+00
   2.6649397e+00
  -5.3056297e+00
   1.3845807e+01
   7.7690754e-01
   1.7732525e+00
  -2.3596899e+00
  -1.1338070e+00
  -1.8122399e+01
   2.0990245e+00
   6.7069991e-01
  -3.4714188e-01
  -5.9063485e+00
   5.5366971e+00
  -9.2837768e-01
  -2.7295513e-02
   1.6656034e+00
  -1.3713794e+01
  -4.3663268e-01
   6.5489709e-01
   4.4054347e-01
   2.3902215e+00
  -1.7759374e+00
   6.3205847e+00
  -1.5671067e+00
   3.4112303e+00
   5.8045119e+00
   1.0922037e+00
   9.9454295e-02
  -2.0981446e+01
   9.0383389e+00
  -8.4927161e-01
  -3.0383276e+00
   4.0509198e+00
  -1.5972069e+00
   6.4449536e+00
   3.4140311e+00
   1.2496759e-01
  -3.9880054e+00
   2.7467156e+00
   5.7820157e+00
  -5.2758057e+00
  -5.9882035e-01
   4.7165036e+00
   1.8150743e-01
   1.1515694e+00
  -7.5873902e+00
  -2.7640657e-01
  -4.7570122e+00
   9.6110707e-01
   6.6552790e+00
  -8.6150872e-01
  -1.0321220e+00
   1.7433346e+01
  -5.7349595e+00
   4.7929695e-01
  -1.5817943e+00
  -2.2208505e+00
   5.3898827e+00
  -2.0514772e+00
  -1.5100313e+01
   2.8793886e+00
  -2.0293742e+00
  -8.0909990e-01
   3.2191814e+00
  -4.3743774e-01
   1.7264559e+00
   2.9934465e+00
  -1.1483974e+01
  -2.6541976e+00
   1.5469523e+01
   1.3717259e+00
   1.6765846e+00
   4.0094563e+00
   1.0090456e+00
   8.4468921e+00
   3.3827030e+00
   7.0252567e-01
   1.2924489e+01
  -3.0830413e+00
   2.6531057e+01
   1.9573262e+00
   2.6522245e+00
   2.4872888e-01
   2.3352353e+00
   2.1136491e+00
   3.6642458e+00
   2.3999987e+00
   3.1472814e+00
  -1.2497743e+00
   2.1115614e+00
   4.8840428e+00
   2.3105081e+00
  -1.2786074e+01
   3.0806609e+00
  -5.3859437e+00
  -7.6959400e-01
   1.6419066e+01
   9.8994687e-01
   1.8908992e+00
  -1.6555313e+00
   2.4911496e+00
  -7.5391934e-01
  -7.5478770e-01
  -4.2609135e+00
   5.2688033e+00
   4.5736014e+00
   9.8722043e+00
  -1.3237194e+00
   3.8872531e-01
   3.9387025e+00
   7.4327411e+00
  -2.4254999e+00
  -2.1144691e+00
   4.3086064e+00
   3.6366496e+00
   1.1965291e+01
   1.3846912e+01
   7.2424308e+00
   8.8728885e+00
   3.6385748e+00
   4.0687882e+00
   6.2363104e+00
   7.3885527e+00
   3.0375708e+00
   2.5724556e-02
   3.2953815e+00
  -1.8601542e+01
   5.4091884e-01
  -1.8272966e+00
   2.6183723e-01
   5.8127570e+00
   5.0938467e+00
   7.4344064e+00
  -1.0223800e+00
  -1.3135969e+00
  -3.0654284e+00
   1.4774575e+00
   3.8539131e+00
   6.4476567e-01
  -8.8196463e-01
   1.1375465e+00
  -1.9874989e+00
   9.5980397e+00
   2.7916512e+00
  -1.4046935e+00
  -2.3035241e+00
   1.5125308e+00
  -1.7161007e+00
  -1.5878410e+00
   6.0242088e+00
  -1.5201324e+00
  -1.9440548e+01
   8.5357081e+00
  -6.0943940e+00
   8.9038387e-01
   3.7348699e+00
  -1.1878707e+01
   4.6719316e+00
  -2.3163252e+01
   3.8437334e-01
   4.0696361e+00
   1.1909342e+01
   1.5777622e+00
   8.6179158e+00
  -1.1285644e+01
  -1.1830100e+01
   6.3080630e+00
   4.0352201e+00
  -3.0285113e-01
   1.7585070e+00
  -2.7408863e+00
  -1.7263784e+00
  -2.2129606e+00
   4.9601527e+00
  -1.2793170e+01
  -3.2798729e+00
  -5.5018010e-01
  -5.2155547e-01
   4.1750897e+00
  -1.1693337e+00
   1.0254308e+00
   2.1393915e-01
   2.0318274e+00
  -1.4896115e+00
   5.4409038e+00
  -1.9357589e+00
   4.0172053e+00
   5.8915367e+00
  -7.0853977e+00
   8.4191049e+00
   9.5038381e+00
  -6.2568061e+00
  -5.5641419e-01
  -1.3781526e+01
   1.9611496e+00
   4.5960398e+00
  -1.5690575e+00
   2.2473045e+00
   5.5452863e+00
  -1.3609935e+01
   6.2321137e+00
  -8.3381324e-02
   1.3873589e+00
   3.9117673e+00
   1.5286650e-01
   5.7888244e-01
  -9.5282699e+00
  -7.1666672e-01
   7.5236314e+00
   3.5115692e+00
   5.6796590e+00
   6.7935832e+00
  -3.7522927e+00
   1.7911126e+00
   4.7113247e-01
  -1.0078603e+01
   2.2084425e+00
  -1.5041712e+00
   1.1232748e+00
  -4.6839222e+00
   7.4087548e+00
  -1.7777281e+00
   2.4109001e+00
   1.9051542e+00
  -1.9849801e+00
  -1.7510737e+01
   7.7223173e-01
   1.3795220e+00
   7.8470118e+00
  -2.1305825e+00
   1.1015184e+01
  -2.2084470e+00
  -9.3267069e+00
  -1.0445257e+01
  -6.5525980e-01
   1.5423497e+01
   1.2535846e+00
   1.5230503e+01
  -3.9689983e-01
