   7.6549696e-01
   3.0817277e-01
   7.3537788e-01
   8.1219840e-01
   2.3669433e-01
   6.2823730e-02
   6.2204407e-01
   9.4393776e-01
   3.4766096e-01
   4.3362626e-01
   2.7722680e-01
   6.9207366e-01
   1.8359495e-01
   7.5029537e-01
   4.5507161e-01
   7.5402818e-01
   1.5501080e-01
   6.6051889e-01
   2.9391130e-01
   4.4476391e-01
   9.0051177e-01
   3.1827776e-01
   1.7908202e-01
   4.5874135e-01
   6.7898093e-01
   4.1442116e-01
   5.6519355e-02
   8.8562191e-01
   8.8823776e-01
   4.7719665e-01
   7.7996701e-01
   3.9921932e-01
   2.6625532e-01
   2.7108565e-01
   6.4718918e-01
   4.0255404e-02
   3.8441391e-01
   6.9363631e-01
   8.7008649e-01
   7.8154640e-01
   1.7645131e-01
   2.4052401e-01
   6.6536323e-01
   2.6458728e-01
   1.7012447e-01
   1.4803440e-01
   9.0996912e-01
   7.7615988e-01
   2.8806781e-01
   7.4725219e-01
   8.6256456e-01
   6.1367586e-01
   9.3949658e-01
   6.0560913e-01
   1.0228737e-01
   9.8938410e-01
   9.8681560e-01
   9.0075112e-01
   7.3179262e-01
   9.6361997e-01
   9.9430962e-01
   2.0758154e-02
   1.6432921e-01
   1.1666548e-01
   4.5466254e-01
   8.3134684e-01
   6.9424066e-01
   6.9525628e-01
   5.7865973e-01
   8.3830847e-02
   2.6773771e-01
   7.6324959e-01
   4.9922318e-01
   5.7864057e-01
   6.2708267e-01
   3.8511567e-01
   5.1956829e-01
   3.9181628e-01
   2.5281842e-01
   5.7030462e-01
   1.6740762e-01
   7.6088267e-01
   4.2252380e-01
   5.9820943e-01
   1.6080876e-02
   7.9667135e-01
   4.7651571e-02
   6.9425989e-02
   4.5802761e-01
   7.6336024e-01
   8.6404021e-01
   7.0792747e-01
   9.4801722e-01
   4.6993596e-02
   8.7398889e-01
   4.0488561e-02
   8.2076032e-01
   5.2135260e-01
   6.4605261e-01
   7.7014143e-01
   4.4244819e-01
   1.0660141e-01
   7.6489697e-01
   6.8561663e-01
   7.8651656e-01
   8.2434253e-01
   4.5152579e-01
   4.1282188e-01
   4.1812660e-01
   6.1218386e-01
   2.9358211e-01
   8.9366271e-01
   6.9778107e-01
   4.2704809e-01
   4.6516756e-01
   4.9462863e-01
   5.2057049e-02
   2.8217675e-01
   8.7676919e-02
   4.2581128e-01
   8.2255493e-01
   9.5834415e-01
   5.3649139e-01
   3.6164805e-01
   9.5403800e-01
   4.9395183e-01
   2.1536035e-01
   5.7963199e-01
   1.3933792e-01
   7.9637812e-01
   6.7439451e-01
   7.8309015e-01
   6.6304804e-01
   6.9303486e-02
   3.8368145e-01
   8.3583450e-02
   9.0983593e-01
   9.6087444e-01
   2.9118093e-01
   3.0427023e-01
   6.3149514e-01
   8.6372010e-01
   7.0603141e-01
   2.7132506e-01
   5.0070881e-01
   6.0418173e-01
   3.8588074e-01
   7.4546059e-01
   1.3693741e-01
   9.9324590e-01
   8.3942264e-02
   7.9262568e-01
   2.2986546e-01
   3.7903478e-01
   1.4636201e-01
   3.7352171e-01
   7.8439697e-01
   3.4033501e-01
   3.4641931e-01
   6.5725643e-01
   4.9757031e-01
   4.0013151e-01
   1.1586198e-01
   2.1453532e-01
   3.1646789e-01
   7.8244044e-01
   7.9271664e-01
   7.7512283e-01
   6.7466387e-01
   5.0459740e-02
   5.5376024e-02
   4.1446915e-01
   4.9944607e-02
   1.9569570e-01
   1.4927468e-02
   8.1243764e-01
   3.3476829e-01
   2.6440703e-01
   3.1276721e-02
   8.6750799e-02
   4.7309295e-01
   6.9103056e-01
   2.2683769e-02
   9.2783388e-01
   3.7084351e-02
   1.8248167e-01
   6.0082146e-01
   2.3190598e-01
   8.0230576e-01
   4.9282415e-01
   5.6278986e-01
   3.8654071e-01
   2.7933242e-01
   1.9525978e-01
   5.5603291e-01
   8.7567202e-01
   3.9334936e-02
   4.4269668e-01
   5.0088776e-01
   2.9183990e-01
   8.5032512e-01
   3.9457187e-01
   6.2880080e-01
   4.1505108e-01
   9.1288332e-01
   8.9227833e-01
   6.0767356e-02
   2.4953301e-02
   7.0924869e-01
   3.1141901e-02
   9.4002108e-01
   8.6698729e-01
   5.7866378e-01
   6.1722764e-01
   5.1367768e-01
   7.0045784e-01
   3.3288583e-01
   7.4956732e-01
   1.6100727e-01
   7.5316140e-02
   7.6160941e-02
   1.4685106e-02
   7.3606929e-01
   3.3489328e-01
   8.4913030e-01
   6.1039185e-01
   6.3836538e-01
   1.9137751e-01
   9.3255666e-01
   6.5821894e-01
   5.2986394e-02
   1.0195481e-01
   5.8230983e-01
   1.9316432e-01
   1.5682259e-02
   1.4897671e-01
   6.6328752e-01
   6.5825544e-01
   6.0289336e-01
   6.5624034e-01
   9.0403227e-01
   2.5606694e-01
   9.1629310e-01
   2.6277313e-01
   5.2650882e-01
   5.5568317e-01
   6.6775610e-01
   2.0883084e-01
   6.9943804e-01
   6.7350107e-01
   5.7253592e-01
   9.0755380e-01
   6.0397209e-01
   4.4639962e-01
   3.9913453e-01
   7.0746552e-02
   9.6499254e-02
   6.8873671e-01
   3.2866956e-01
   2.6073260e-01
   8.3409109e-01
   3.2014980e-01
   6.0219691e-01
   7.9340368e-01
   2.6991528e-01
   7.5256864e-01
   5.0119044e-01
   1.4550284e-01
   3.9547073e-01
   1.3774072e-01
   5.8734868e-01
   2.2190824e-01
   6.7915635e-01
   4.7160794e-01
   1.7183117e-01
   5.3441841e-01
   8.6258260e-01
   9.9456079e-01
   7.1833676e-01
   2.5635076e-01
   3.4881345e-01
   4.2095190e-01
   6.2289036e-01
   9.2532510e-01
   8.0405768e-01
   1.8409783e-02
   3.4927699e-01
   4.6645346e-01
   2.1300379e-01
   2.2920329e-02
   7.5100828e-01
   6.9071285e-01
   1.1279659e-01
   1.2955616e-01
   2.7946588e-01
   2.5541332e-01
   4.6351972e-01
   4.2122687e-01
   5.8435190e-01
   6.5355317e-01
   1.9873710e-01
   5.1016826e-01
   5.6601299e-01
   3.8998858e-01
   6.0697092e-01
   5.2037627e-01
   7.3637488e-01
   4.3500037e-01
   6.2066265e-01
   3.5588855e-01
   9.3998122e-01
   1.5508939e-01
   6.1158701e-01
   5.5495309e-01
   8.1222100e-02
   9.5856954e-01
   5.0138340e-01
   4.9989148e-01
   5.4441703e-01
   6.8790230e-01
   3.4870043e-01
   2.1310997e-01
   6.0768479e-01
   7.7411473e-01
   4.6661529e-01
   2.7526353e-01
   1.0573817e-01
   3.9061329e-01
   6.9224336e-01
   4.8348444e-02
   5.6507971e-01
   5.5936631e-02
   1.4102553e-01
   5.0571095e-01
   9.5012512e-01
   8.0939421e-03
   3.8330283e-01
   1.4015269e-01
   9.1449222e-01
   3.7747477e-01
   7.2004947e-01
   4.3515652e-01
   1.0903362e-01
   8.7064151e-01
   1.6265942e-01
   7.5884205e-01
   6.3568560e-01
   4.5822136e-01
   5.1527939e-02
   3.0729255e-01
   5.2923374e-01
   4.6875605e-01
   6.2717940e-01
   3.0896050e-01
   8.9775959e-01
   4.2020485e-01
   7.0737249e-01
   5.7201832e-01
   2.4778351e-01
   7.1073332e-01
   3.2335283e-01
   9.2423641e-01
   2.7345635e-02
   5.9928594e-01
   2.6327936e-01
   4.6135471e-01
   3.3155524e-01
   2.0899859e-01
   1.8088945e-01
   7.1595809e-02
   2.0553914e-01
   5.0899867e-01
   2.3423862e-01
   3.3686407e-01
   4.2364602e-01
   3.5306633e-01
   9.7153865e-01
   1.3703176e-03
   9.6778285e-01
   3.4728093e-01
   1.8688127e-01
   2.5428110e-01
   3.6221375e-01
   1.4294638e-01
   7.2696242e-01
   3.8599482e-01
   3.6326628e-01
   2.2393526e-01
   2.6002916e-01
   5.4607151e-01
   3.6103396e-01
   2.2193049e-02
   3.0208314e-01
   7.3590722e-01
   6.7107820e-01
   6.1673157e-01
   1.7081217e-01
   1.0991964e-01
   3.8076354e-01
   4.5044274e-01
   9.0375911e-01
   4.6075876e-01
   4.0280953e-01
   7.4508138e-01
   6.8436221e-01
   1.5917966e-01
   7.9035431e-01
   9.7040958e-01
   1.3326243e-01
   7.2521062e-01
   3.1561068e-01
   5.3449906e-01
   3.5129551e-01
   9.5957362e-01
   1.7028481e-02
   7.3063366e-01
   5.5157984e-01
   3.9115544e-01
   8.5650412e-01
   3.4253228e-02
   3.6445285e-01
   3.1476329e-01
   2.7446303e-01
   9.2250885e-01
   3.3953318e-01
   2.5558863e-01
   6.9002910e-01
   8.6981525e-01
   6.5775257e-01
   2.7556736e-02
   2.0926923e-01
   2.8707448e-01
   2.7410100e-01
   9.2233480e-01
   8.3516646e-01
   3.6825310e-01
   7.0581503e-02
   1.2776716e-01
   1.2589225e-01
   1.4392424e-01
   2.5043938e-01
   7.9663973e-01
   2.1676126e-01
   3.6854733e-02
   8.2128472e-01
   9.8884210e-01
   4.6434059e-01
   6.6144242e-01
   2.8239108e-01
   4.6053527e-01
   4.6871002e-01
   3.2472131e-01
   8.1062640e-01
   9.3734508e-01
   5.0881284e-01
   4.7163883e-01
   5.1584772e-01
   7.5746362e-01
   5.4070642e-01
   4.6964418e-01
   2.8888493e-01
   8.7102677e-01
   1.8087138e-02
   4.9057107e-01
   5.3086522e-01
   3.3657239e-02
   7.2380516e-01
   6.9552564e-01
   8.9581781e-01
   2.2624450e-01
   8.6039625e-01
   3.6483766e-01
   7.4240816e-01
   4.6859373e-01
   9.4008252e-01
   4.7440265e-01
   8.5605921e-01
   5.0217972e-03
   8.8319211e-01
   2.6483700e-01
   6.8672257e-01
   8.3745717e-01
   8.6043381e-01
   3.1945139e-01
   4.3529547e-01
   5.0907164e-01
   6.1367455e-01
   9.1618593e-03
   3.7443531e-01
   2.8014459e-01
   2.9995980e-01
   5.2286986e-01
   3.1867960e-01
   5.4256193e-01
   1.7934259e-01
   3.5841211e-01
   2.4928616e-03
   2.0864968e-02
   4.5378517e-01
   5.5898091e-02
   4.3500194e-01
   2.8739303e-01
   1.9753181e-01
   4.2030077e-01
   2.0710874e-01
   5.7284637e-01
   1.4044119e-01
   1.6632513e-02
   8.0389862e-01
   3.9339148e-01
   2.4868740e-01
   8.0772801e-01
   7.1071957e-01
   6.2115299e-01
   3.4464496e-01
   6.5273483e-01
   5.1526695e-01
   3.5334841e-01
   1.9872339e-01
   5.9782921e-01
   6.2331728e-01
   8.0105268e-01
   8.1803121e-01
   7.3295651e-01
   3.7187595e-02
   1.9089695e-01
   1.7250281e-01
   8.3308635e-01
   4.9478076e-01
   7.8950798e-01
   7.0694848e-01
   8.2468380e-01
   2.4084670e-01
   5.7902663e-01
   5.7761830e-01
   7.0156551e-01
   6.0343239e-01
   2.6797012e-01
   2.4993491e-01
   3.8589828e-01
   5.3411427e-01
   5.9396222e-01
   2.2107243e-02
   3.6938248e-01
   4.8856187e-01
   2.5885675e-01
   5.1478472e-01
   3.8323223e-01
   9.3483245e-01
   5.2781170e-01
   4.4713729e-01
   5.8856863e-01
   6.1401702e-01
   8.0577716e-01
   5.3134726e-01
   5.5584501e-01
   4.7429864e-01
   6.4505064e-01
   8.7531079e-01
   6.9398405e-01
   4.3917274e-01
   1.5535706e-01
   1.9466990e-01
   6.8805007e-01
   2.8677455e-02
   7.0737073e-01
   6.8459750e-01
   2.7699479e-01
   1.1301548e-01
   2.1640745e-01
   6.7058338e-01
   8.4533690e-01
   1.0752098e-01
   6.1087470e-02
   3.8427939e-01
   5.6810496e-01
   6.3661161e-01
   1.9879828e-01
   8.4156386e-01
   1.3021116e-01
   8.7106848e-01
   1.5703395e-01
   7.5599310e-01
   5.6263449e-01
   4.3913311e-01
   3.0387323e-01
   5.2530500e-01
   3.6620835e-01
   6.0238705e-01
   4.5315748e-01
   7.2245501e-01
   2.4977132e-01
   8.4038453e-02
   2.0822364e-01
   6.2663730e-01
   5.4363134e-01
   9.2790928e-01
   8.8194345e-01
   7.3783266e-01
   2.6109520e-01
   4.9760214e-01
   9.7111027e-01
   7.1571967e-02
   6.5173566e-01
   4.5536654e-01
   1.1087123e-01
   1.0449456e-01
   9.9463272e-03
   4.5435149e-01
   1.5606230e-01
   9.5616025e-01
   2.8188743e-02
   5.9046509e-02
   2.6720624e-01
   6.7864208e-01
   8.7234910e-01
   9.2387541e-02
   6.8643652e-01
   9.9718960e-01
   8.3770244e-01
   3.6218585e-01
   3.3941752e-01
   4.4950369e-01
   3.3986715e-02
   1.5560677e-01
   2.8564741e-01
   1.5941516e-01
   8.6472717e-01
   5.7286798e-01
   3.1745086e-01
   5.8764214e-01
   5.4619356e-01
   2.5406306e-01
   4.5122348e-01
   2.8996516e-01
   6.9209847e-01
   7.6541828e-01
   5.1894849e-01
   2.1784955e-01
   8.6881192e-01
   6.6495561e-01
   2.2736313e-01
   1.0605666e-01
   1.7195753e-01
   7.1147165e-01
   2.8098735e-02
   7.3439704e-01
   6.3393382e-01
   7.7064659e-02
   5.9100684e-01
   7.9246383e-01
   2.4544363e-01
   2.8583436e-01
   1.3076582e-01
   3.4361774e-01
   3.7143941e-01
   7.4186553e-01
   3.8509053e-01
   8.8550053e-01
   5.2822488e-01
   2.9252483e-01
   1.1839590e-01
   1.1417492e-01
   7.3687000e-01
   2.8461390e-01
   6.1403058e-01
   8.8964373e-02
   9.4079640e-01
   3.9532854e-01
   2.4395071e-02
   5.0364781e-01
   6.9733574e-02
   8.1307149e-01
   9.0486929e-01
   2.8150574e-01
   2.8751594e-01
   9.7723415e-01
   6.0865910e-01
   5.4121263e-01
   4.9462953e-01
   1.1560969e-01
   7.8362772e-01
   7.4487316e-01
   4.2849554e-01
   6.6348656e-01
   7.9587266e-01
   2.9457891e-01
   7.4778736e-01
   8.5283662e-01
   4.5698863e-01
   4.4045338e-01
   2.5107704e-01
   5.1031566e-01
   4.5261564e-02
   4.9627052e-01
   7.3149739e-01
   7.0966903e-01
   5.1326219e-01
   3.0267205e-01
   3.6797958e-01
   2.0380133e-01
   3.0441058e-01
   9.4667681e-01
   3.0175519e-01
   3.8914063e-01
   1.8870278e-01
   3.1973872e-01
   6.7173258e-01
   4.0240525e-01
   3.5963597e-01
   1.9673501e-02
   4.9995170e-01
   3.7194158e-01
   2.0792470e-02
   3.5912894e-01
   4.9658738e-01
   6.1758217e-01
   3.4111493e-01
   2.7928875e-02
   7.7804794e-01
   8.5533933e-01
   3.6285674e-01
   6.3537092e-01
   4.1445183e-01
   6.0785512e-01
   6.6219488e-01
   7.8186190e-01
   2.2223625e-01
   7.4968829e-01
   1.8170047e-01
   6.4781753e-01
   6.4085163e-01
   7.3921059e-02
   4.4402814e-01
   8.5665422e-01
   8.1310129e-01
   2.4770257e-01
   6.7900851e-01
   3.0846980e-01
   3.3284126e-02
   4.3087707e-01
   5.5897844e-01
   3.0033114e-01
   5.4354514e-01
   4.6484145e-01
   7.7950947e-01
   7.0662955e-01
   8.5799072e-01
   4.4091603e-01
   7.0226002e-01
   6.9857968e-01
   4.4797367e-01
   4.6389576e-01
   1.0804924e-02
   5.6159923e-01
   5.8757963e-01
   4.3294051e-01
   3.1458983e-01
   4.1054906e-01
   1.5335154e-01
   4.4548551e-01
   3.2320782e-01
   3.8556891e-01
   8.7411440e-01
   8.6372774e-01
   7.3845024e-01
   9.7988711e-01
   5.5925758e-01
   5.7679789e-01
   5.0968811e-01
   5.2677855e-01
   2.4785992e-01
   5.5503230e-01
   5.5604656e-01
   7.1573012e-02
   8.7282079e-02
   6.0759772e-01
   4.8424533e-01
   1.5839734e-01
   2.7271212e-01
   7.3560800e-02
   5.8312023e-01
   5.2665397e-01
   7.0153822e-01
   5.6295037e-01
   6.8710098e-01
   2.0230263e-02
   5.0917829e-01
   8.0898609e-01
   5.2375411e-01
   5.6509125e-01
   9.6996713e-01
   5.7823854e-01
   6.6446434e-01
   4.1714440e-01
   9.8754218e-01
   2.3147189e-01
   7.4851453e-01
   9.9138613e-01
   3.5596539e-01
   4.2521882e-01
   4.5896560e-01
   7.4497391e-01
   1.2661610e-01
   4.9408128e-01
   6.6161822e-01
   5.0270141e-01
   6.0034605e-01
   5.0854303e-01
   8.0624516e-01
   7.4523320e-01
   1.1151044e-03
   6.9962895e-01
   3.8730355e-01
   2.1868160e-01
   3.9203348e-01
   7.7810029e-01
   3.1181165e-01
   4.6284068e-01
   8.2472079e-01
   9.5617915e-01
   8.6626879e-01
   5.2988784e-01
   7.9733798e-01
   1.1649444e-01
   4.8481360e-01
   3.6502524e-01
   2.0482514e-01
   2.1943347e-01
   1.1081028e-01
   5.6749636e-01
   5.2187728e-01
   4.5813449e-01
   9.4645722e-01
   5.2561347e-01
   2.4019214e-02
   1.2264283e-01
   2.7831958e-01
   6.7419053e-01
   5.0882137e-01
   9.6120541e-01
   3.2227795e-01
   3.3682111e-01
   2.8407059e-01
   6.5575439e-01
   9.8990725e-01
   7.2753946e-01
   4.1989077e-01
   2.4323070e-01
   8.0404053e-01
   7.0887619e-01
   1.0029280e-01
   8.2148727e-01
   3.9517787e-01
   9.3229620e-01
   8.7057743e-01
   8.9069758e-01
   2.4001451e-01
   1.1784032e-02
   2.5567392e-01
   6.4213148e-01
   4.7151796e-01
   4.5531447e-01
   5.8535961e-01
   4.3132163e-01
   7.2245120e-01
   3.8146825e-01
   7.4759043e-01
   9.5875260e-01
   3.8721786e-01
   4.8057903e-01
   9.1663263e-01
   9.7812429e-01
   5.4778732e-01
   3.2738255e-01
   2.0872299e-01
   2.4719019e-01
   6.3637693e-01
   7.2147098e-01
   1.4565260e-01
   4.7228633e-01
   6.0259642e-01
   1.8525578e-02
   2.5784034e-01
   9.0391465e-01
   3.5793106e-01
   6.3958183e-01
   1.9714939e-01
   5.4237756e-01
   6.9170167e-01
   7.1556782e-01
   8.6390815e-01
   8.8120325e-01
   3.4937562e-01
   2.5011486e-01
   1.5811759e-03
   2.1482848e-01
   3.5340728e-01
   7.7025886e-03
   1.3624454e-01
   3.6969244e-01
   3.5232838e-01
   1.2597277e-01
   8.7005460e-01
   6.4043704e-01
   4.5787404e-01
   4.7758067e-01
   7.7891383e-01
   8.2285207e-01
   6.0327561e-01
   2.0711610e-01
   6.2815180e-01
   9.3680129e-01
   9.1049831e-01
   5.0377147e-01
   5.1515924e-01
   2.6310513e-01
   6.9687042e-01
   8.5927334e-01
   9.9473340e-01
   1.7671970e-01
   8.7387333e-01
   4.9633724e-01
   1.8850409e-01
   2.2250782e-01
   5.1308861e-01
   7.8114905e-01
   1.0357866e-01
   4.3591906e-01
   5.0473164e-01
   2.1880262e-01
   3.3555397e-01
   6.0540871e-01
   2.1086903e-03
   5.4655038e-01
   4.7782327e-01
   8.5434382e-02
   6.2971870e-01
   3.5308064e-01
   7.7528872e-01
   8.9071520e-01
   6.3488531e-02
   4.6581687e-01
   5.4153822e-02
   1.4858502e-01
   1.4282380e-01
   5.1839192e-02
   2.4437627e-01
   3.6459270e-01
   4.5880574e-01
   6.3453078e-01
   4.7129184e-05
   6.6994489e-01
   8.6083452e-02
   2.6403865e-02
   7.2697931e-01
   2.9858569e-01
   7.2728810e-01
   3.1593185e-01
   6.2130688e-01
   3.4740252e-01
   2.5482820e-01
   5.5523445e-01
   6.3225985e-01
   5.8198858e-01
   6.6038414e-01
   6.2512522e-01
   2.0789050e-01
   2.1750719e-01
   3.0608403e-01
   7.4964139e-01
   5.3451513e-02
   7.1111442e-01
   6.7167070e-01
   1.3474024e-02
   8.2769866e-01
   4.7857111e-01
   1.4392384e-03
   1.0487332e-01
   7.7424134e-01
   7.3944199e-01
   5.1101409e-01
   2.4958889e-01
   1.4703406e-01
   4.0148464e-02
   7.6307399e-01
   8.0168355e-01
   3.0167954e-01
   1.5323951e-01
   4.4390501e-01
   4.4579262e-03
   5.8715637e-01
   4.5950154e-01
   5.4798373e-01
   2.6491862e-01
   1.0760717e-01
   1.4000916e-01
   3.5390989e-01
   3.5701102e-01
   7.7773872e-02
   2.0314565e-01
   5.2123651e-01
   8.8382687e-01
   1.1118042e-01
   9.2290799e-01
   3.9278251e-01
   1.2298219e-01
   2.7625350e-01
   8.9535360e-01
   1.9676062e-01
   4.7736504e-01
   1.4856354e-01
   5.3232679e-01
   8.1756422e-02
   4.0394715e-01
   8.3128722e-01
   2.3297161e-01
   6.0899767e-01
   1.3542966e-01
   9.1816907e-01
   9.7358480e-01
   8.0945861e-01
   3.8704194e-01
   4.1832133e-01
   4.6385463e-01
   3.7121522e-02
   3.4295285e-01
   9.2770956e-01
   1.5787933e-02
   3.8766160e-01
   3.1026901e-01
   6.1385889e-01
   7.7235037e-01
   1.1182682e-01
   8.9230274e-01
   7.6502007e-01
   2.4453753e-01
   2.6014959e-01
   7.1716765e-02
   1.0600346e-01
   3.3423277e-01
   4.3895562e-01
   3.4771902e-01
   5.7626780e-01
   6.8885735e-02
   3.5836251e-01
   1.1985976e-01
   8.7240663e-01
   4.7504561e-01
   7.3997711e-01
   1.2543571e-01
   7.0085614e-01
   9.8305220e-01
   2.3808046e-01
   5.4070529e-01
   7.9440991e-02
   8.7765186e-01
   2.2093844e-02
   2.4963389e-02
   2.6288440e-01
   2.2616679e-02
   1.1459032e-01
   4.2729361e-01
   7.6248373e-01
   4.8427635e-01
   3.7634913e-01
   2.8744869e-01
   4.1294162e-01
   8.4585989e-02
   5.5920622e-01
   7.8820507e-01
   3.3954927e-01
   4.3422732e-01
   5.1011349e-01
   7.4238082e-01
   9.7251431e-02
   4.5301962e-01
   1.2932718e-01
   6.0632801e-01
   4.0047706e-01
   3.8567026e-01
   5.1083910e-01
   3.4129138e-01
   3.2209224e-01
   2.8715924e-01
   8.4821996e-01
   5.4253292e-02
   9.3093431e-01
   9.2656463e-01
   5.8091675e-01
   6.7946008e-02
   5.8692765e-01
   1.6349972e-01
   3.8272589e-01
   1.1101517e-01
   5.1525205e-02
   2.1967367e-01
   8.3535122e-02
   8.7417014e-01
   5.0194290e-01
   4.2421405e-01
   2.1511599e-01
   3.4331929e-01
   4.4767711e-01
   4.0667556e-01
   6.8299027e-01
   4.9185179e-01
   7.3393584e-01
   9.8981931e-01
   1.3306555e-01
   7.6535393e-01
   4.2787878e-01
   6.1109650e-01
   2.5597897e-01
   8.9404556e-01
   5.2334568e-01
   3.4909746e-01
   4.5187651e-01
   6.5639248e-01
   9.9596529e-01
   7.3205755e-01
   1.5070415e-02
   4.1636416e-01
   6.8615929e-01
   9.3382696e-01
   1.3389422e-01
   8.4168150e-01
   2.3559855e-01
   8.3350047e-01
   4.1610769e-01
   3.2033128e-01
   6.9466462e-01
   3.5985779e-01
   9.6694199e-01
   1.7570399e-01
   3.8099574e-01
   5.3964220e-01
   6.3163933e-02
   7.2641429e-01
   9.9945515e-01
   5.9825084e-01
   8.0337992e-01
   5.2402207e-01
   4.1413572e-01
   3.7385497e-01
   1.0543036e-01
   4.3358019e-01
   5.0703929e-01
   8.4177404e-01
   1.5560684e-01
   6.3244710e-01
   6.4107458e-01
   4.0716647e-01
   2.6407808e-01
   4.6883924e-01
   8.6339458e-01
   1.9649436e-01
   3.7226817e-01
   6.9679500e-02
   5.8321261e-01
   6.2996051e-01
   5.0971925e-01
   8.1407571e-01
   4.5521556e-01
   1.4456773e-01
   5.3406847e-01
   2.0666359e-01
   3.5104091e-01
   4.9950565e-01
   7.2274543e-01
   7.7431349e-01
   7.2084742e-01
   1.1223678e-01
   8.6863022e-01
   8.2787592e-01
   7.3023822e-01
   1.5611699e-01
   9.8925798e-02
   3.2787264e-01
   2.6375750e-01
   4.9449813e-01
   5.8227717e-02
   2.3018175e-02
   9.7022936e-01
   1.5943218e-01
   3.9394832e-01
   2.3406100e-01
   5.2562295e-01
   5.0404668e-01
   3.0051905e-01
   7.6647546e-01
   5.8317829e-01
   3.9186926e-02
   9.1496214e-01
   5.1534426e-01
   8.2919218e-01
   3.3895383e-02
   8.3168603e-01
   8.9242589e-01
   7.9131406e-01
   8.6385854e-01
   6.5651769e-01
   3.0395871e-01
   4.4538424e-01
   6.9919065e-01
   4.0311601e-01
   1.5856795e-01
   2.4531276e-01
   6.6382843e-01
   8.2380756e-01
   5.8915026e-01
   4.9178452e-01
   2.7363358e-01
   6.1645483e-02
   2.8538775e-01
   2.6417514e-01
   9.7093013e-01
   5.3289827e-02
   2.3505105e-01
   1.5584001e-01
   9.9838921e-01
   3.2393999e-01
   6.5970427e-02
   4.2532009e-02
   6.4772181e-01
   8.9620533e-01
   7.3936025e-01
   5.9448672e-01
   8.0366000e-01
   7.1652001e-01
   6.5232760e-01
   8.2536545e-01
   3.3179837e-01
   9.7757729e-01
   2.9220175e-01
   1.5638653e-01
   3.5064949e-01
   3.9345031e-04
   8.3977096e-01
   9.0316477e-01
   8.2499764e-01
   1.6393667e-01
   7.9758633e-01
   7.6462405e-01
   3.1838495e-01
   4.5433342e-01
   9.5062701e-01
   1.7567718e-01
   1.6550529e-01
   8.0663806e-01
   3.0876894e-01
   4.3003378e-01
   5.7074922e-01
   2.8434370e-01
   7.2618299e-01
   5.4121226e-01
   1.7520105e-01
   3.7657462e-01
   6.5910988e-01
   8.2519409e-02
   5.5304065e-01
   8.6687561e-01
   5.4226008e-01
   2.5631176e-01
   6.5843191e-01
   5.7953905e-01
   9.1742493e-01
   8.7830609e-02
   9.9408308e-02
   7.7345576e-01
   6.6578957e-01
   3.6139255e-01
   6.4474818e-01
   4.6085608e-01
   2.6034196e-02
   1.0161640e-02
   8.3039724e-01
   5.3118535e-01
   4.7506679e-01
   5.5685300e-01
   8.6617563e-01
   8.2739594e-02
   3.0901619e-01
   2.4995612e-01
   6.1289979e-01
   5.6707135e-01
   8.6908475e-01
   7.2482665e-01
   4.8226334e-01
   4.6623558e-01
   3.3473127e-01
   6.6271520e-02
   1.5423256e-01
   4.0922483e-01
   4.0870272e-02
   7.3962245e-01
   5.8834699e-02
   3.2691739e-01
   3.4899478e-02
   2.0013634e-01
   4.3143369e-02
   6.3451379e-02
   9.2044410e-01
   4.8999779e-01
   5.7415528e-02
   9.7438387e-01
   2.3231860e-01
   7.5298957e-01
   4.7333246e-01
   4.0483985e-01
   9.8686140e-01
   5.5357048e-01
   9.4632869e-01
   7.3494066e-01
   7.9398200e-02
   7.6159133e-01
   6.3443411e-01
   3.8230319e-01
   1.5259740e-01
   3.3247711e-01
   2.2866081e-01
   9.6154031e-01
   2.6448311e-01
   3.1681345e-01
   9.1549284e-01
   7.9023313e-01
   9.8651283e-03
   6.4810053e-01
   4.4148843e-01
   4.8967792e-01
   1.8125324e-01
   2.4705860e-01
   3.0588644e-02
   1.2281809e-01
   1.6211593e-01
   4.5049269e-01
   4.5178984e-02
   2.1843007e-01
   2.4179381e-01
   3.8739550e-01
   7.7218210e-02
   1.8851822e-01
   8.0878751e-01
   8.5134955e-01
   1.9003161e-01
   9.4360948e-01
   4.8853274e-01
   8.5754524e-01
   9.7747688e-01
   3.4127374e-01
   1.1339285e-01
   5.6127969e-01
   5.7546090e-01
   4.4430319e-01
   4.8948917e-01
   8.7218654e-02
   4.1685436e-01
   4.4023202e-01
   8.8682828e-01
   8.5934159e-01
   3.8170993e-02
   6.9593403e-01
   9.5865609e-01
   3.8164448e-01
   6.6475389e-01
   2.1051633e-01
   4.8967055e-01
   2.9423546e-01
   9.6607830e-01
   6.9378867e-01
   7.1430695e-01
   8.7289694e-01
   7.7678013e-01
   7.4736133e-01
   4.6222109e-01
   1.3298258e-01
   4.1956661e-01
   3.1825541e-01
   5.9213125e-01
   3.7263422e-02
   7.7830176e-01
   2.5838911e-01
   8.0951617e-01
   5.1393752e-01
   6.1833033e-01
   4.6099634e-01
   8.4182917e-01
   8.6813889e-01
   2.8036674e-01
   9.4876037e-01
   7.7910835e-01
   4.5897993e-01
   1.2323428e-01
   6.4099470e-01
   7.3642815e-01
   5.5256346e-01
   5.6240750e-01
   9.4365872e-01
   2.5034797e-01
   2.3544492e-01
   8.9781349e-01
   4.5098417e-01
   9.6615658e-01
   9.3627842e-01
   6.3611077e-01
   1.3587359e-01
   6.4068677e-01
   5.1799679e-01
   1.2539711e-01
   4.2643937e-01
   1.3894598e-01
   8.3095562e-01
   9.1492547e-02
   1.7256142e-01
   2.8743973e-01
   3.1941639e-01
   7.8076534e-02
   5.1153657e-01
   5.0019646e-01
   2.2496481e-03
   3.9291813e-01
   6.8375304e-01
   3.6940481e-01
   2.1675875e-01
   2.4349693e-01
   5.1908462e-02
   3.0474770e-01
   7.9016015e-01
   4.8496513e-01
   9.2122040e-01
   9.1785585e-01
   7.1268564e-01
   2.3790874e-01
   6.2892269e-01
   6.6326390e-01
   4.3860437e-02
   4.7027456e-01
   4.7057533e-01
   8.8104889e-01
   2.0678698e-01
   3.1854060e-01
   1.1920119e-01
   2.3559591e-01
   5.9706452e-01
   6.7908235e-01
   7.5769934e-01
   1.6106430e-01
   6.7084171e-01
   4.7845004e-01
   4.8576056e-01
   6.2988121e-01
   5.7724321e-01
   3.4296149e-01
   8.7081156e-01
   9.7461418e-01
   9.6034802e-02
   2.3104363e-01
   4.8589510e-03
   4.6808825e-01
   7.5698329e-01
   7.9567474e-01
   7.5362056e-01
   1.3512338e-01
   7.3631264e-01
   5.3125562e-01
   1.8444603e-01
   1.7353226e-01
   3.0554796e-01
   6.2743499e-01
   3.7161748e-01
   7.2902257e-02
   5.7542185e-01
   8.0117619e-01
   7.3905252e-01
   1.3207661e-01
   5.6184707e-01
   8.1936359e-01
   9.9735334e-02
   2.5306472e-01
   3.9933126e-01
   1.6180708e-01
   7.5935130e-01
   5.4716091e-02
   5.1658101e-01
   3.9451232e-02
   5.1088904e-03
   5.1603218e-01
   1.3829908e-01
   3.0782050e-01
   1.2350208e-01
   7.2566703e-01
   7.3046587e-01
   9.2110716e-01
   3.4783520e-03
   3.7234521e-01
   3.2348205e-01
   1.0507015e-01
   8.3161944e-02
   6.7981319e-01
   2.2160847e-01
   4.6479932e-01
   9.4094868e-01
   1.0573132e-01
   7.0617502e-01
   1.8908051e-02
   9.2955082e-01
   4.7833124e-01
   8.0364923e-03
   6.5453512e-01
   1.0688653e-01
   3.4427774e-01
   2.0202597e-01
   6.5104291e-01
   4.9866573e-01
   5.2068455e-01
   5.2908635e-01
   2.3406302e-01
   2.5893291e-01
   6.7890668e-01
   2.3103906e-01
   1.0713484e-01
   5.4138206e-01
   4.5408992e-01
   2.9857656e-01
   8.7551546e-01
   2.6880715e-01
   3.5115553e-02
   2.3878742e-01
   5.4579206e-01
   2.7284926e-02
   6.0618483e-01
   3.0106815e-01
   4.5719288e-01
   1.7205467e-01
   7.6353957e-01
   5.7411525e-02
   5.6475287e-01
   8.7566646e-01
   2.5527216e-02
   3.9489361e-01
   3.9843669e-01
   6.9634470e-02
   4.8597388e-01
   8.2400294e-01
   1.3883291e-01
   3.5099751e-01
   1.7268062e-01
   2.6944810e-01
   1.0683574e-01
   7.4668071e-01
   9.3906463e-01
   6.1926614e-01
   6.5098115e-01
   2.5627500e-01
   5.9076217e-01
   9.8127302e-02
   3.0816069e-01
   4.2658609e-01
   8.1344021e-01
   8.2432401e-02
   4.9315887e-01
   9.1868763e-01
   1.0857635e-01
   9.4727717e-01
   3.9758405e-01
   2.5558433e-01
   5.0927644e-01
   8.4921440e-01
   1.9793200e-01
   9.8029593e-01
   7.2607752e-01
   6.1266388e-01
   8.4554354e-01
   5.0483929e-01
   8.3985704e-01
   5.2965639e-01
   6.0190832e-01
   9.9925156e-01
   5.0913324e-01
   9.2264880e-01
   3.4527503e-01
   1.1432055e-01
   5.0149830e-01
   8.0848736e-01
   3.4177837e-01
   6.3881218e-01
   5.9765781e-01
   7.1403935e-02
   6.2552125e-01
   5.4666162e-02
   3.8579559e-01
   4.3402189e-01
   7.6527991e-01
   5.1919771e-01
   7.7090172e-01
   9.4420398e-01
   8.5097245e-01
   6.5821051e-01
   3.9714716e-01
   1.3761214e-01
   4.0828698e-01
   6.0156819e-01
   6.5981193e-01
   9.7982812e-01
   7.9118644e-01
   8.0557979e-02
   5.1625214e-01
   5.4343435e-01
   1.9344763e-01
   3.4748545e-01
   5.7726936e-01
   5.6501994e-01
   4.7879202e-01
   4.8529144e-01
   9.3345705e-01
   5.0484911e-03
   6.5041765e-01
   5.1629369e-02
   6.8276746e-01
   2.8882806e-01
   2.2380946e-01
   2.3584918e-01
   9.9529791e-01
   5.4845559e-01
   8.6208363e-02
   6.2285497e-01
   2.5229069e-01
   7.2625347e-01
   6.0855501e-01
   4.1620179e-01
   3.0396051e-02
   7.8935712e-05
   3.2057360e-01
   1.0528011e-01
   4.6481904e-01
   9.2775768e-01
   5.9635571e-01
   7.3389192e-01
   4.2485112e-01
   2.3069954e-01
   1.0517373e-02
   2.2122827e-01
   7.3003674e-01
   7.6511455e-01
   7.2466003e-01
   4.7846350e-01
   5.8103217e-01
   1.9420186e-02
   7.9138913e-01
   9.2721532e-02
   9.5130739e-01
   8.9663748e-01
   3.4878283e-01
   4.2486850e-01
   8.1144113e-01
   5.5931315e-01
   7.9708021e-01
   2.3066750e-01
   8.4513701e-02
   9.8669920e-01
   5.8696365e-01
   8.8024436e-01
   3.7854967e-01
   2.8497595e-01
   6.6299105e-01
   1.3909146e-01
   5.4430921e-01
   1.1100286e-02
   4.8235387e-01
   3.9014868e-02
   3.7334426e-01
   1.3906693e-01
   8.2020831e-01
   6.4384930e-01
   9.7060629e-02
   8.4402330e-01
   5.2719391e-02
   2.9717920e-02
   5.3137048e-01
   5.5178729e-01
   5.4198258e-01
   9.6679662e-01
   1.4159567e-01
   7.2996596e-01
   3.5246441e-01
   3.1125153e-02
   1.5227579e-01
   7.2151563e-01
   9.2530916e-01
   5.2224938e-01
   1.5298517e-01
   1.8593731e-02
   4.4182013e-01
   7.4035586e-01
   5.2558326e-01
   1.2138350e-01
   7.6747230e-01
   4.0871507e-01
   5.6064984e-01
   3.6369691e-01
   9.2085999e-01
   3.3625795e-01
   8.0707121e-01
   6.5161415e-01
   1.6454583e-01
   2.8425474e-01
   7.2870034e-01
   1.8843620e-01
   6.1159528e-01
   8.4148120e-01
   9.9760250e-01
   7.0947061e-01
   2.3522419e-01
   2.4047219e-01
   8.2770947e-01
   8.1284488e-01
   4.7733332e-01
   9.1171674e-01
   8.5374500e-01
   5.5383250e-01
   6.6226273e-01
   1.1366684e-02
   5.8087238e-01
   3.0418975e-01
   1.3823782e-01
   7.6499199e-01
   4.4137728e-01
   8.2185998e-01
   9.2308392e-01
   2.7956305e-01
   3.5453687e-02
   4.5925333e-01
   5.3944097e-01
   1.9376544e-01
   2.8370262e-01
   5.4728017e-01
   2.8511082e-02
   6.2087368e-01
   8.6353582e-01
   7.1067560e-01
   9.5184955e-01
   9.6413445e-01
   6.3890607e-01
   6.6059013e-01
   2.4594949e-01
   1.2877622e-01
   7.3165973e-01
   4.6068055e-01
   6.5720131e-02
   6.1272347e-01
   8.7148384e-01
   7.5641948e-01
   5.0435554e-01
   8.1043167e-01
   3.2041034e-02
   7.9581114e-01
   8.1966456e-01
   4.9604677e-01
   2.9596308e-01
   2.9994533e-01
   4.2965557e-01
   4.8507019e-01
   6.9122828e-01
   4.4013375e-03
   3.2398042e-01
   3.2659761e-01
   4.2983213e-02
   5.8040583e-01
   1.3022934e-01
   2.6358891e-01
   7.1143172e-01
   7.3297847e-02
   3.5192772e-01
   1.7289642e-01
   7.6365406e-01
   2.5253097e-01
   7.3438681e-02
   5.8572864e-01
   3.9373637e-01
   7.1998420e-01
   2.2176019e-01
   7.7203195e-01
   4.0738073e-01
   7.4503006e-02
   9.3561958e-01
   4.3692013e-01
   1.0478779e-02
   3.1946149e-01
   1.9302780e-01
   6.6127926e-01
   2.5116589e-01
   1.2661190e-01
   7.9073804e-01
   1.5423665e-01
   5.0650039e-01
   7.8658945e-01
   2.3237234e-01
   7.5651596e-01
   8.6078115e-01
   4.5241673e-01
   6.1360964e-01
   7.5398571e-01
   3.8509632e-01
   2.5116193e-01
   9.8625970e-01
   5.8974921e-01
   3.1226404e-01
   6.9022657e-01
   2.8480133e-01
   4.3645949e-01
   3.3930258e-02
   3.3740333e-01
   4.3600000e-01
   2.8081788e-01
   3.8557116e-01
   8.1335554e-01
   6.4902405e-02
   1.1869864e-01
   9.4291935e-01
   1.9772766e-01
   4.2452305e-01
   3.2074786e-01
   9.0257690e-01
   7.9282910e-01
   4.0078975e-01
   7.1796394e-01
   8.0114780e-01
   7.1114937e-01
   6.6142483e-01
   4.5268174e-01
   5.8657600e-01
   6.3928678e-01
   3.4248694e-01
   8.1601303e-01
   8.2864021e-01
   2.3122494e-02
   7.5338475e-01
   5.7007834e-01
   4.1213263e-01
   7.1978378e-01
   1.6025205e-01
   1.8239013e-01
   9.3037745e-01
   6.6429507e-01
   9.1556699e-02
   3.4797177e-01
   5.9023537e-02
   9.4456535e-01
   2.4199253e-01
   9.6162080e-01
   8.1109114e-01
   3.9476674e-02
   5.7857149e-02
   1.0194408e-01
   5.2853960e-01
   7.1308263e-01
   9.9112754e-01
   2.3497676e-01
   7.7114784e-01
   4.7355164e-01
   4.1572255e-01
   2.5069400e-01
   8.3918388e-01
   5.1923430e-01
   1.1393954e-01
   4.9613363e-01
   4.8862668e-01
   1.3481910e-02
   5.3288978e-01
   8.8960991e-01
   5.2637571e-01
   1.1600043e-01
   3.6188805e-01
   3.2021456e-01
   3.9505418e-01
   7.2666817e-02
   9.3730783e-01
   7.8485400e-01
   9.1393305e-01
   8.1253721e-01
   7.3732792e-01
   1.0987567e-01
   5.7258649e-01
   4.4560096e-03
   8.7297768e-01
   4.0417756e-01
   7.5077994e-01
   9.2261096e-01
   4.8711063e-01
   2.4989319e-01
   4.4019210e-01
   3.4063009e-01
   9.3919102e-01
   3.0148769e-01
   4.5443484e-02
   4.9162229e-01
   4.7525529e-01
   6.3776112e-01
   6.7441526e-01
   7.7768140e-01
   3.2716074e-01
   8.9190270e-01
   3.8665563e-02
   8.6343865e-02
   5.9795641e-01
   2.7467365e-02
   5.8908927e-01
   7.2846412e-01
   8.1441828e-01
   8.8367588e-01
   8.6649202e-01
   1.2523979e-01
   7.1755260e-01
   8.0561511e-01
   4.8741843e-01
   2.5502583e-01
   3.5235608e-01
   3.8053887e-01
   8.1027156e-02
   5.5058021e-01
   8.6793422e-01
   5.9934978e-01
   2.0432978e-01
   5.8156139e-02
   6.4796742e-01
   5.9953518e-01
   9.2262526e-02
   8.8718669e-01
   5.4261462e-01
   2.1477002e-01
   3.6079814e-01
   1.5696502e-02
   3.3395969e-01
   6.1862653e-01
   1.4833795e-01
   6.5091546e-01
   1.5826450e-01
   2.3181921e-01
   7.8966397e-02
   1.4556746e-01
   7.6298699e-01
   4.9392653e-02
   3.7849721e-02
   7.8924808e-01
   5.4318617e-01
   1.7320398e-01
   2.4331905e-01
   3.4475627e-01
   7.5952129e-01
   1.5396425e-01
   8.2766233e-01
   3.8579282e-01
   7.4865997e-01
   6.2919461e-01
   2.1643724e-01
   2.1943111e-01
   6.2979801e-01
   7.5144940e-01
   5.6521935e-01
   6.2570598e-01
   7.5835628e-02
   5.8316630e-01
   1.8171410e-01
   9.4394153e-01
   3.9689233e-01
   1.8829533e-01
   4.8206743e-01
   6.6214577e-01
   6.5451592e-01
   3.0129577e-01
   5.1734570e-01
   9.4781111e-01
   5.9221292e-01
   4.0910184e-01
   2.2103667e-01
   2.1563622e-01
   1.4516421e-01
   6.4221167e-01
   4.0426073e-01
   5.6226116e-01
   5.7776238e-01
   4.7887103e-01
   5.8409303e-01
   3.0941136e-01
   5.7365970e-02
   1.3760946e-02
   8.6471062e-01
   4.0583725e-02
   6.5420957e-01
   9.4024949e-01
   2.6645520e-01
   5.8057582e-01
   7.8932199e-01
   6.3285718e-01
   2.0913992e-03
   4.0366072e-01
   6.2185073e-02
   3.3583663e-01
   7.1439673e-01
   6.3640700e-01
   7.3826901e-01
   2.9462935e-01
   8.7385230e-01
   4.2615466e-01
   7.1705180e-01
   6.7602811e-01
   8.8457476e-01
   4.4552428e-01
   4.7261829e-01
   7.3311903e-01
   1.9038488e-01
   6.6680300e-01
   8.8777743e-01
   2.0249384e-01
   4.4000145e-01
   9.5637513e-01
   9.2579076e-03
   4.2965596e-01
   1.4869635e-01
   2.1498477e-02
   1.7420141e-01
   2.7224226e-01
   4.7237146e-01
   7.2937771e-01
   3.3756292e-01
   1.1229215e-01
   5.3704722e-01
   7.0793429e-01
   3.3772601e-01
   7.0795416e-01
   1.8818376e-01
   4.3480282e-02
   6.4622572e-01
   1.0826523e-01
   7.5452466e-01
   6.1310453e-01
   8.9814987e-01
   8.8700699e-01
   7.9627996e-01
   5.3091519e-01
   8.0762495e-01
   6.6609764e-01
   7.2585533e-01
   6.9855074e-01
   3.4236479e-02
   8.5950594e-01
   6.8062941e-01
   5.6841169e-01
   7.1120269e-01
   4.9788426e-01
   2.7824038e-01
   2.7194876e-02
   8.4190160e-03
   3.4259378e-01
   2.9184176e-01
   5.5157893e-01
   3.4272414e-01
   8.0148395e-01
   3.4504872e-01
   1.1921323e-03
   5.0377052e-01
   9.0199483e-02
   6.5591415e-01
   9.4906158e-01
   8.4910747e-01
   6.6781768e-02
   2.2498988e-01
   6.8224565e-01
   1.8432351e-01
   1.8052138e-01
   7.0564468e-01
   1.0499960e-01
   3.5867098e-02
   7.7632877e-01
   4.9678152e-01
   8.7701659e-01
   5.6921690e-01
   6.0941659e-02
   4.7561920e-01
   3.6546207e-02
   4.3309998e-01
   2.7649464e-01
   3.9135299e-01
   3.6408323e-01
   2.0541805e-01
   2.2965936e-01
   5.8690900e-01
   4.9436132e-01
   1.6717467e-01
   8.3147966e-01
   1.9943844e-01
   7.7709807e-01
   5.1666557e-01
   2.0223809e-01
   9.0463957e-01
   4.5730686e-01
   6.1127532e-01
   9.1069315e-02
   8.3449522e-02
   5.5504888e-01
   7.4160630e-03
   2.4362144e-01
   1.7422610e-01
   9.4269547e-01
   7.2853144e-01
   4.3210053e-01
   4.1008995e-01
   9.3657812e-01
   4.7113386e-01
   4.6193433e-01
   5.8072253e-01
   1.5506300e-01
   6.4957597e-01
   4.1102545e-01
   9.1265759e-01
   3.1732530e-01
   4.7706789e-01
   1.0049852e-01
   6.0277243e-01
   2.0014341e-01
   2.3484231e-01
   4.5624065e-01
   4.6619683e-01
   2.2814414e-01
   1.2310821e-01
   5.8694277e-01
   3.1250040e-01
   2.1674296e-02
   1.0321514e-01
   8.1731222e-01
   2.9081259e-02
   7.5066423e-01
   3.0436572e-01
   4.0506781e-01
   5.2089929e-01
   6.8720172e-01
   3.0954520e-01
   6.2751229e-01
   4.0909965e-01
   9.7233232e-01
   6.4727088e-01
   7.8846933e-01
   6.1130684e-03
   2.1690812e-01
   5.7577345e-01
   9.5340035e-01
   6.0444922e-02
   4.8219557e-01
   2.8936779e-01
   4.5337985e-01
   7.0276921e-01
   2.1035793e-01
   1.3665509e-01
   2.6819293e-01
   8.1669858e-01
   1.0632503e-01
   4.1537837e-01
   6.9614979e-01
   4.3995325e-01
   8.9481983e-01
   6.5347796e-01
   9.5595388e-01
   2.3222683e-01
   7.7652963e-01
   7.0485578e-01
   4.8641917e-01
   3.5177859e-01
   1.5594575e-01
   6.3231226e-01
   6.9078628e-01
   1.5436898e-01
   1.4196202e-01
   7.0460984e-01
   7.6014889e-01
   6.4781681e-01
   1.8162512e-01
   1.1611443e-01
   5.0935502e-01
   4.5731011e-01
   4.2284455e-01
   4.8535847e-01
   1.1235555e-01
   9.5986399e-01
   2.9088794e-01
   5.9003015e-01
   1.0899276e-01
   8.2736592e-01
   3.3882613e-01
   6.2379494e-01
   9.8298882e-01
   6.2979488e-01
   2.5882393e-01
   1.3337164e-01
   4.5143810e-01
   5.6294840e-01
   1.9850570e-02
   3.5641573e-01
   4.7867047e-02
   1.7392312e-01
   8.9368584e-01
   3.9290978e-01
   7.3086736e-01
   1.6084381e-01
   6.1344539e-01
   7.6338950e-01
   7.0672467e-01
   8.1680233e-01
   2.2349641e-01
   1.6680683e-01
   8.8001980e-01
   3.6035174e-01
   5.4288384e-01
   8.1761390e-01
   1.6417867e-01
   4.4470220e-01
   3.7933003e-01
   1.5871962e-01
   7.4191051e-01
   3.1935668e-02
   3.2637666e-02
   1.9798715e-01
   7.6378348e-01
   9.9771885e-01
   2.1879473e-01
   8.4955160e-01
   4.4587176e-01
   8.5672051e-02
   7.3869977e-01
   8.2599271e-02
   9.5342660e-02
   9.2952555e-01
   8.1492643e-01
   9.8364441e-01
   2.0279298e-01
   7.1505385e-01
   4.4093984e-01
   7.6364364e-01
   2.8951885e-01
   3.7592159e-01
   7.5153272e-01
   6.7955158e-01
   1.4693015e-01
   2.1328218e-02
   2.0667145e-01
   4.7541780e-01
   9.0146481e-01
   1.8278601e-02
   7.0884838e-02
   5.2780613e-01
   1.2721143e-02
   9.9856363e-01
   4.8962013e-01
   8.2370987e-01
   9.6696456e-01
   2.4140329e-01
   2.2011042e-01
   3.4050576e-01
   2.0697488e-01
   1.7241066e-01
   3.0721546e-01
   4.2631419e-01
   1.1519473e-01
   3.7525717e-01
   7.8251894e-01
   3.8595734e-01
   3.0100099e-01
   7.1527253e-01
   9.0243485e-01
   7.9497405e-01
   6.2865091e-01
   1.6386081e-01
   5.9238565e-01
   2.8359030e-01
   4.8108257e-01
   7.7681051e-01
   2.2680556e-01
   7.5364170e-02
   6.7314501e-01
   4.1131769e-01
   4.3274903e-01
   5.3844386e-02
   2.7064430e-01
   1.7027871e-01
   1.0272888e-01
   6.0018931e-01
   2.9871232e-01
   6.1930709e-01
   9.3865152e-01
   7.4271853e-01
   9.0372278e-01
   4.7085418e-02
   8.5232409e-01
   1.0084479e-01
   1.5554240e-01
   7.3713369e-01
   8.3306780e-02
   5.1511199e-01
   1.0748040e-01
   4.8612593e-01
   3.1166512e-01
   2.5768566e-01
   7.4552824e-01
   7.1762175e-01
   7.8414863e-01
   4.9966263e-01
   8.6752310e-01
   7.0858764e-01
   6.7210471e-01
   4.3734521e-01
   2.7182378e-01
   4.5736399e-01
   8.7317308e-01
   6.5464334e-01
   3.4259808e-01
   5.9032308e-01
   5.9184229e-01
   5.0055417e-03
   2.6461767e-01
   8.2271581e-01
   4.3917770e-01
   5.6621314e-02
   4.9700184e-01
   6.2559305e-01
   4.6064333e-01
   4.2139430e-01
   5.7242820e-01
   5.7209048e-01
   6.1677380e-01
   6.6568225e-01
   7.3447032e-01
   3.4326746e-01
   4.4012993e-01
   5.2526004e-01
   2.4937682e-01
   3.0618352e-01
   2.8402056e-02
   5.3461961e-01
   9.7729458e-01
   1.4379599e-01
   7.2358792e-01
   2.3065182e-01
   9.4628322e-01
   1.8480950e-01
   4.6731766e-01
   3.6218003e-01
   2.3376124e-02
   3.4673577e-01
   9.7932563e-01
   2.6396274e-02
   8.6406771e-01
   7.7502151e-01
   9.8614412e-01
   5.6436989e-01
   2.6221221e-02
   3.9759821e-01
   2.5316899e-01
   1.4734358e-01
   5.7302059e-03
   6.9262732e-02
   6.6648910e-02
   7.5264200e-01
   2.6450936e-01
   7.2364685e-01
   2.1442722e-01
   6.2740523e-01
   7.7140064e-01
   7.7184867e-01
   7.5178718e-01
   6.6892438e-01
   5.4719392e-01
   6.4959627e-01
   7.1345469e-01
   3.1740026e-01
   6.7070534e-01
   6.9831668e-01
   3.0568741e-01
   8.2401601e-01
   6.8938167e-02
   8.4435212e-02
   3.3420634e-01
   9.5524754e-01
   3.7993803e-01
   1.7095071e-01
   5.1737923e-01
   8.2548041e-01
   4.0024930e-01
   3.9591735e-01
   3.2310870e-01
   9.0629805e-01
   2.7850163e-01
   8.6047309e-01
   7.3513756e-01
   5.6739138e-01
   6.9784937e-01
   1.1326335e-01
   4.9452932e-01
   6.9773450e-01
   3.1932211e-01
   1.3360206e-01
   1.1437644e-01
   1.3385260e-01
   5.5830611e-01
   1.7196505e-01
   6.5820498e-01
   2.0238277e-01
   4.8702283e-01
   8.6508110e-01
   3.2853464e-02
   2.6746067e-01
   1.2444828e-01
   3.4069803e-01
   7.6558517e-01
   9.0552979e-02
   3.1012011e-01
   8.9414532e-01
   2.7073694e-01
   3.3538445e-01
   7.7759412e-02
   1.6970434e-01
   2.8008008e-01
   3.1439595e-01
   7.8967875e-01
   3.9468145e-01
   7.8779065e-01
   2.0429702e-01
   8.4826764e-01
   7.0518207e-01
   9.1912184e-01
   1.6911044e-01
   9.2984830e-01
   1.5082309e-01
   1.3559281e-01
   9.9547044e-01
   6.8034379e-01
   8.4349594e-01
   4.1680693e-02
   4.0402650e-01
   5.8145649e-01
   6.7000856e-01
   6.2195371e-01
   5.5246797e-01
   8.3445522e-01
   3.8432500e-01
   8.9047088e-01
   1.7119255e-01
   3.0903487e-01
   1.4895414e-01
   9.2752802e-01
   2.6470328e-01
   5.0120809e-01
   3.6035153e-01
   2.2948374e-01
   7.2889259e-01
   2.3787871e-01
   5.6172711e-01
   1.8288783e-01
   3.3159780e-01
   2.0030411e-01
   3.4000126e-01
   2.9003359e-01
   8.6005250e-01
   1.2409147e-01
   3.9915435e-01
   9.8346355e-01
   9.5177574e-01
   2.4525100e-01
   5.4548330e-01
   4.3075289e-01
   1.3276465e-01
   9.0284827e-01
   2.4887058e-01
   8.3498869e-01
   7.0890728e-02
   3.5301879e-01
   8.7310177e-01
   3.5124617e-01
   9.8906433e-01
   3.1582966e-01
   3.0678718e-01
   5.7959415e-01
   2.9594889e-01
   1.8597422e-01
   8.2258306e-01
   8.5683342e-01
   7.2858247e-01
   3.2100066e-01
   6.3184802e-01
   5.7293268e-01
   4.8092054e-01
   2.6480806e-02
   5.2096404e-01
   2.3001600e-01
   4.6577807e-01
   4.4200207e-02
   4.3366102e-01
   6.6532449e-01
   8.0428941e-01
   2.9048718e-01
   1.6600407e-01
   3.1348098e-01
   7.2274912e-02
   9.7869801e-01
   2.0181253e-01
   5.2731434e-01
   6.0649085e-01
   3.1100285e-01
   1.0845607e-01
   4.1974848e-01
   9.2439580e-01
   6.0154154e-01
   4.1983562e-01
   1.5753489e-01
   7.8350692e-01
   7.6279760e-02
   9.8495755e-01
   2.3208923e-01
   1.4148276e-01
   3.0973297e-01
   9.4141572e-01
   8.2088262e-01
   6.7716089e-01
   8.7889945e-01
   6.2093738e-01
   3.8018794e-01
   6.5823204e-01
   6.1873710e-01
   1.1331373e-02
   3.4814816e-02
   1.1442869e-01
   7.3087364e-01
   8.5698946e-01
   9.4324916e-01
   3.8179458e-01
   6.1700002e-01
   3.2764756e-01
   4.0007236e-01
   4.5801052e-01
   7.6701058e-01
   5.9603646e-01
   8.7648640e-01
   3.8530129e-01
   9.7211539e-02
   1.8122204e-01
   7.2042868e-02
   8.4464865e-01
   5.6252512e-01
   9.1000103e-01
   7.7878398e-01
   6.9457841e-01
   3.9127125e-01
   6.3341636e-01
   9.3039199e-01
   5.1943983e-01
   1.7714524e-01
   3.0672036e-01
   8.1507893e-01
   4.5417150e-01
   5.3752819e-01
   3.6958143e-01
   2.1045238e-01
   4.4699403e-02
   2.0080076e-01
   3.0681459e-02
   4.7100360e-01
   9.4950126e-01
   6.4440437e-01
   2.8946559e-02
   7.7604714e-01
   5.0273464e-01
   7.9697694e-01
   5.0623062e-01
   6.2437933e-01
   2.6219574e-01
   4.4737415e-01
   1.2645854e-02
   3.8165402e-01
   6.2914082e-01
   1.7085802e-01
   2.6250935e-01
   6.7481946e-01
   4.7176055e-01
   6.7687711e-01
   7.9299768e-01
   7.1356684e-01
   9.4708179e-01
   5.8594187e-01
   4.4031203e-01
   2.0941193e-01
   7.1393100e-01
   5.8001041e-01
   8.9327677e-01
   4.2022541e-01
   9.1570427e-01
   5.0115770e-01
   1.4318656e-02
   6.7281997e-01
   3.7041407e-01
   8.3308445e-02
   1.2241797e-01
   8.4786841e-01
   7.2765519e-01
   5.1167784e-01
   8.2317580e-01
   6.6723201e-01
   8.8790103e-01
   6.2398171e-01
   3.3799423e-01
   1.8594859e-01
   9.6130619e-01
   3.3471208e-01
   4.6698275e-01
   9.2505400e-01
   8.1785875e-01
   4.8273829e-01
   3.1413010e-01
   6.4158331e-01
   5.8146962e-01
   6.8763968e-01
   8.7598405e-01
   8.6618478e-01
   1.1637155e-01
   5.7264228e-01
   3.3820230e-01
   7.8757609e-01
   4.9182283e-01
   8.0883233e-01
   5.7722682e-01
   2.3035186e-01
   6.7715824e-01
   5.2363407e-01
   7.8483637e-01
   5.5126040e-01
   2.9062597e-01
   8.3952477e-01
   3.2555560e-01
   3.4446101e-01
   6.5606142e-01
   9.3655441e-01
   6.1747727e-01
   2.5147261e-01
   2.2926973e-01
   7.4137532e-01
   9.4857408e-01
   4.1931250e-01
   3.6120066e-01
   3.6787941e-01
   7.3831208e-01
   6.7823074e-01
   5.2817076e-01
   3.5915894e-01
   1.7375700e-01
   4.4107416e-01
   8.0929259e-01
   9.0793695e-01
   1.5851892e-01
   3.5530421e-01
   1.8698249e-01
   3.4365510e-01
   1.9338506e-01
   6.6785918e-01
   3.3040796e-01
   4.0194129e-02
   5.3468436e-01
   9.6343087e-01
   8.0288961e-01
   9.0460437e-01
   4.5972649e-01
   2.6000038e-01
   2.6615502e-01
   4.7457775e-01
   2.1552024e-01
   8.3241341e-01
   1.6486097e-01
   3.6145031e-01
   8.4552249e-01
   8.7543443e-01
   7.1619144e-01
   4.5992142e-01
   8.4764264e-02
   9.3455767e-01
   8.4560604e-01
   9.6163542e-01
   2.7304287e-01
   4.8529128e-01
   2.6702777e-02
   2.8171953e-01
   8.1710514e-01
   6.8533149e-01
   8.4539957e-01
   2.1161063e-01
   1.9402917e-02
   1.7333593e-01
   5.9001081e-01
   7.3443268e-03
   6.7392670e-01
   8.3099025e-01
   3.3545882e-01
   5.7046879e-01
   7.0116789e-01
   8.9363716e-01
   1.0242823e-01
   1.6975991e-01
   9.0836061e-01
   4.1868376e-01
   5.4414589e-01
   3.1649755e-01
   4.1628764e-01
   1.2282077e-01
   3.9430950e-01
   1.2743345e-01
   2.4593313e-01
   4.5677540e-01
   4.1165991e-01
   1.6402012e-01
   4.2193526e-01
   6.6732258e-01
   3.8454400e-01
   3.5131638e-02
   8.3278372e-01
   8.8002296e-01
   3.3368028e-01
   8.3677537e-01
   4.0127400e-01
   6.2406469e-01
   1.5073881e-01
   5.3924256e-01
   7.6538792e-02
   5.8593995e-01
   9.7724291e-02
   1.3990858e-01
   9.4095906e-01
   3.5038686e-01
   8.0696304e-01
   6.3669325e-01
   5.1115286e-01
   9.8466273e-01
   6.0261201e-01
   1.3127589e-01
   3.3593311e-01
   9.0160387e-01
   7.0998349e-01
   7.5316145e-02
   3.6453127e-01
   1.7334597e-01
   7.7767081e-02
   5.0684255e-01
   7.7761554e-01
   1.3861565e-01
   1.4712819e-01
   8.7241707e-01
   5.9227003e-01
   7.6430315e-02
   9.6408403e-01
   3.8954171e-01
   4.7209865e-01
   7.8086544e-01
   5.2687024e-01
   1.7739544e-01
   4.6947050e-01
   2.5811706e-01
   3.4824806e-01
   9.4853431e-01
   2.9609523e-01
   7.8577222e-01
   5.6351324e-01
   4.4733952e-01
   6.2939324e-01
   2.4546157e-01
   6.9080862e-01
   3.6265074e-01
   4.7161707e-01
   6.3018592e-01
   2.6483689e-01
   9.2568232e-01
   7.0113123e-01
   4.3035618e-02
   8.3208028e-01
   4.1619318e-01
   1.5426412e-01
   3.3620539e-01
   8.2155124e-01
   6.9551336e-01
   2.7060843e-01
   8.4032051e-01
   7.1645358e-02
   4.2749692e-01
   5.4933640e-01
   2.7385971e-01
   6.2090980e-01
   1.0576056e-01
   8.2869677e-01
   8.4958684e-02
   2.4319772e-01
   4.1067605e-01
   6.6235554e-01
   5.5137744e-01
   5.1856494e-01
   5.8604865e-01
   9.4114148e-01
   8.4953204e-01
   2.6974825e-01
   5.6652276e-01
   7.2078463e-01
   5.3041726e-01
   9.5201018e-01
   9.4499437e-01
   5.2210831e-01
   9.3563903e-01
   9.9203994e-01
   7.3512122e-02
   1.4722757e-01
   1.3332423e-01
   6.2572313e-01
   3.5355877e-01
   8.7757711e-01
   6.7425664e-01
   3.3042118e-01
   8.5321362e-01
   2.8547568e-01
   5.8834480e-01
   3.0866840e-01
   3.0789618e-01
   3.7964855e-01
   7.5876656e-01
   5.3956393e-01
   9.5852592e-01
   7.4002590e-01
   2.3865271e-01
   4.7034203e-01
   5.3673538e-01
   7.4711280e-02
   7.6766422e-01
   2.4048380e-01
   1.9809370e-01
   8.6326093e-01
   7.0220627e-01
   8.3169927e-01
   6.8781138e-01
   5.9732545e-02
   6.7316229e-01
   4.7901170e-01
   6.8992084e-01
   3.4470637e-01
   5.9289762e-02
   5.5144434e-01
   5.0586351e-03
   9.3900504e-01
   1.3792080e-01
   5.3462262e-01
   2.2628790e-01
   7.1686588e-01
   2.0937324e-01
   1.3603448e-01
   7.8415425e-01
   8.2593167e-01
   5.6666011e-01
   8.8899580e-01
   9.1023189e-01
   3.0128982e-02
   6.4266837e-01
   2.9810129e-01
   1.6031124e-01
   8.7449432e-01
   3.6703770e-01
   1.2808414e-01
   8.2695238e-01
   6.3572102e-01
   4.1546109e-01
   8.2339015e-01
   1.6182736e-01
   7.4696378e-01
   5.3816433e-01
   7.0870840e-01
   9.0861032e-01
   9.5702314e-01
   2.8325225e-01
   4.4132523e-01
   6.8718957e-01
   7.4701728e-01
   5.7335825e-01
   2.2372770e-01
   8.9741181e-01
   3.6069768e-01
   4.1182240e-01
   4.8145324e-01
   2.0391785e-01
   9.0441943e-01
   2.7588532e-01
   6.9757149e-01
   2.7115386e-01
   9.1110461e-02
   4.2751539e-01
   3.4422350e-01
   6.5888834e-01
   1.1674548e-01
   6.5969971e-01
   4.0206317e-01
   3.5344104e-01
   3.7676045e-02
   3.0210542e-01
   5.2222017e-01
   5.7794889e-01
   6.1645015e-01
   8.5457281e-01
   1.1451397e-01
   6.0869601e-01
   1.7986489e-01
   7.9662671e-01
   2.5064191e-02
   2.5754665e-01
   5.6139876e-02
   2.7905711e-01
   4.2002283e-01
   1.4444220e-01
   1.0312027e-01
   2.3634976e-01
   6.8057665e-02
   8.6039921e-01
   4.2172935e-01
   8.0139689e-01
   8.0306387e-02
   9.8500300e-01
   7.2092478e-01
   7.0591522e-01
   3.1612275e-01
   3.5160734e-02
   3.5853438e-01
   1.1885982e-01
   7.7721828e-02
   1.4839371e-01
   5.8827455e-01
   2.8814923e-01
   2.0254132e-01
   5.3313003e-01
   4.9528773e-01
   5.5112376e-01
   6.8595262e-01
   1.2851515e-01
   7.1753923e-01
   8.5401692e-01
   1.3567700e-02
   2.3492878e-01
   5.4908155e-01
   3.6976959e-01
   5.2959663e-01
   4.6755238e-01
   8.1286409e-01
   6.1132092e-01
   5.9724490e-01
   5.1705479e-01
   1.8705814e-02
   5.8582094e-01
   3.8373269e-01
   8.0605186e-01
   6.0200112e-01
   4.0263358e-01
   9.4860035e-01
   1.6238552e-01
   3.9930048e-01
   8.5955008e-01
   1.7995404e-02
   2.8822098e-02
   4.6581022e-03
   9.6224082e-01
   3.9067919e-01
   8.4947859e-01
   4.8299145e-01
   7.0355950e-01
   2.7362265e-01
   9.1909873e-01
   3.7769318e-01
   6.6447929e-01
   4.4637004e-01
   6.9272873e-01
   3.6665865e-01
   5.6382333e-01
   4.4305772e-01
   4.8756973e-01
   3.1474263e-01
   8.8204416e-01
   6.4523955e-01
   9.0163430e-01
   4.6964198e-01
   6.9090680e-01
   5.0665892e-01
   5.4931334e-01
   2.8923876e-01
   8.2574596e-01
   1.2264865e-01
   3.6723207e-01
   2.7512329e-01
   2.2319407e-01
   8.8229105e-01
   2.2447437e-01
   3.2772043e-01
   6.5690548e-01
   6.7029155e-01
   6.6259531e-01
   2.6881619e-01
   8.8668157e-01
   6.5155135e-01
   1.6263285e-01
   2.3257176e-01
   9.3416484e-01
   2.0646138e-01
   8.7383057e-01
   3.9346959e-01
   5.0474894e-01
   3.8739139e-02
   2.1410565e-01
   4.5598648e-01
   7.0722182e-01
   5.4864291e-01
   1.1008041e-01
   3.5928259e-01
   9.0100460e-01
   1.8836562e-01
   7.1758907e-03
   6.2422246e-01
   4.1263453e-01
   6.7683762e-01
   3.4085966e-01
   9.2795115e-02
   3.1210092e-02
   3.8419129e-01
   8.7911469e-01
   3.9337355e-01
   2.6150391e-01
   8.7117385e-01
   3.7244772e-01
   2.8051146e-01
   5.0002798e-01
   8.3926010e-01
   5.3672049e-01
   1.9648284e-01
   4.2845839e-01
   2.7242811e-01
   1.7959537e-01
   2.1977860e-01
   5.1708147e-01
   6.8084677e-01
   3.2985835e-01
   5.9401473e-01
   3.9998767e-01
   5.7822271e-01
   5.4340661e-01
   9.7921197e-01
   4.1389746e-01
   3.2523959e-01
   8.8692469e-01
   2.3085511e-01
   8.5008202e-01
   4.7683393e-01
   6.7123220e-01
   6.4452937e-02
   6.7973664e-02
   4.0709791e-01
   7.4723103e-01
   4.9467951e-01
   6.1068717e-01
   6.9938156e-02
   5.6602869e-02
   4.5312046e-01
   2.5066124e-01
   5.1414784e-01
   2.7919363e-03
   9.5606202e-02
   5.5088660e-01
   7.4617847e-01
   8.9046851e-02
   5.5594807e-02
   2.9457054e-01
   3.2759368e-01
   2.2083568e-01
   3.0290260e-01
   2.0340967e-01
   3.4647933e-01
   2.1308331e-03
   3.0298430e-02
   4.0545006e-01
   2.4035150e-01
   3.6009956e-01
   7.8134303e-01
   7.2615307e-01
   8.2912956e-02
   5.1455152e-01
   2.7440956e-01
   1.7577641e-01
   7.4388874e-01
   1.4991848e-01
   7.1866927e-01
   9.1262859e-02
   6.5301647e-01
   6.8527744e-01
   3.6392241e-01
   9.3795531e-01
   2.1763205e-01
   2.9792129e-01
   2.4686262e-01
   7.3325946e-01
   1.3806344e-01
   4.8388498e-01
   2.9715298e-01
   5.2400901e-01
   1.4052511e-01
   8.3404228e-01
   9.2252612e-01
   5.5284474e-01
   9.7999997e-01
   7.9995725e-02
   1.5945259e-01
   4.7104227e-01
   8.5968227e-02
   9.5646025e-01
   9.5244656e-01
   7.1755005e-01
   1.1980269e-01
   7.8057587e-01
   8.8876550e-01
   8.0111239e-01
   6.3914294e-01
   6.4451550e-01
   1.3406952e-01
   5.5707753e-01
   4.3417851e-01
   2.5908596e-01
   7.6600793e-01
   4.2556315e-01
   7.6355787e-01
   9.8620222e-01
   4.5596860e-01
   4.5637429e-01
   8.6201276e-01
   1.4010583e-01
   4.6200121e-01
   8.4943978e-01
   2.8964861e-01
   3.2090234e-01
   3.9039535e-01
   1.5396180e-01
   5.0804997e-01
   4.9967850e-01
   5.2099443e-01
   5.8862571e-01
   3.5218365e-01
   3.3691317e-01
   7.7338734e-01
   9.3001316e-01
   7.2635808e-01
   9.4181535e-02
   5.3524555e-01
   4.9833519e-01
   7.2303025e-01
   5.2258194e-01
   3.3712950e-01
   4.1870074e-01
   2.5741220e-01
   6.9227949e-01
   2.1420247e-01
   7.1080487e-01
   2.7500492e-01
   4.5033495e-01
   4.5487549e-01
   2.1313811e-01
   4.9240789e-01
   6.7635565e-01
   6.9951764e-01
   1.4151292e-01
   3.6890544e-01
   7.4338976e-01
   8.1294536e-01
   7.7446281e-01
   4.7247864e-01
   7.4035955e-01
   8.7586153e-01
   1.5508783e-01
   6.5352125e-01
   3.2472315e-01
   7.9361671e-01
   8.0761310e-01
   2.5756783e-02
   6.9115828e-01
   8.2291654e-01
   5.0141888e-01
   1.8774963e-01
   7.8263621e-01
   3.6754968e-01
   8.3643122e-01
   7.8434937e-01
   3.8134013e-01
   5.1985148e-01
   8.1795611e-01
   4.7446783e-01
   7.0496302e-01
   6.4396032e-02
   4.6422302e-01
   7.8865559e-01
   5.0244259e-01
   7.6749137e-01
   3.3311466e-01
   1.0514887e-01
   2.7611053e-02
   6.9746145e-01
   8.2461016e-01
   5.3158407e-01
   8.5825469e-02
   4.0713091e-01
   5.1706939e-01
   2.7092789e-01
   7.4373636e-01
   3.2144042e-02
   9.0970880e-02
   4.7161593e-01
   8.0209012e-01
   2.0949999e-02
   3.8086345e-01
   5.6098206e-01
   3.3788817e-01
   5.5074502e-01
   2.4073691e-02
   5.5736959e-01
   7.5036477e-02
   6.6353651e-01
   8.6980443e-01
   5.3253752e-01
   1.6472489e-01
   1.7315015e-01
   2.7889727e-02
   6.6384375e-01
   9.4451948e-01
   9.5423308e-03
   6.2312635e-01
   7.0932803e-01
   5.7735520e-01
   7.6847138e-01
   5.8762814e-01
   2.4610282e-01
   5.4834819e-01
   7.2983171e-02
   3.4422626e-01
   3.7379092e-01
   7.7582166e-01
   9.3479661e-01
   5.1227495e-01
   3.4747426e-01
   4.6319276e-01
   5.9514395e-02
   4.9029120e-01
   9.2227414e-01
   8.8191266e-01
   2.3832670e-01
   3.3337790e-01
   8.7480771e-01
   4.5149475e-01
   2.3735719e-01
   5.1909807e-01
   4.3047472e-01
   8.0668307e-02
   9.6094877e-01
   1.3563362e-01
   5.0777702e-01
   4.9376808e-01
   6.8264584e-01
   2.3282676e-01
   7.2136961e-01
   3.8209379e-01
   8.1531672e-01
   2.8181917e-01
   9.8311694e-01
   8.7280404e-01
   3.1488071e-01
   5.8544404e-01
   9.4505499e-01
   2.1132706e-01
   1.7018596e-01
   1.4917324e-01
   7.2633706e-01
   3.0532694e-01
   3.6168121e-01
   1.6403283e-01
   9.9874378e-01
   5.3457827e-01
   2.4368794e-01
   5.2965586e-01
   5.6559199e-01
   1.5872693e-01
   3.2481911e-01
   3.7532052e-01
   5.7185458e-01
   3.9056726e-01
   8.9102770e-01
   1.4259656e-01
   5.1993073e-01
   3.4983896e-01
   4.7221580e-02
   7.7911068e-01
   6.8014957e-01
   8.0290330e-02
   3.4804628e-01
   6.8023561e-01
   5.3801962e-01
   8.7902853e-01
   3.3310702e-01
   4.0161643e-01
   9.2844345e-01
   4.9924992e-01
   3.3873295e-01
   7.7550545e-01
   4.5643174e-01
   5.2717631e-01
   1.3310321e-01
   3.9039721e-01
   8.9493572e-01
   6.8553070e-01
   1.0335554e-01
   2.2871452e-01
   3.6518024e-01
   2.4550861e-01
   2.1410282e-01
   7.7060483e-01
   9.8104701e-01
   3.1223329e-01
   7.7585356e-01
   2.4121550e-01
   8.5581293e-01
   3.3190104e-01
   3.8886105e-01
   3.0862302e-01
   5.4457281e-01
   3.4044674e-01
   3.6261577e-01
   8.6712464e-01
   1.1956061e-01
   2.4469555e-01
   6.4633135e-01
   9.2421020e-02
   7.1920916e-01
   5.9906835e-01
   8.8209238e-01
   7.2396001e-02
   7.9098728e-01
   6.3864254e-01
   3.2799720e-01
   6.5770608e-01
   9.3527183e-03
   7.2638478e-01
   6.1519262e-01
   3.5016933e-01
   8.0622376e-01
   5.2341221e-01
   7.1791954e-01
   3.4227479e-01
   6.4374010e-01
   4.3547649e-01
   4.0134670e-01
   4.7716987e-01
   4.6396566e-01
   6.8147186e-01
   4.2400492e-01
   1.2590555e-01
   3.9493190e-02
   2.9910699e-01
   3.9102706e-02
   8.7181623e-01
   6.9169122e-01
   6.1841833e-01
   7.6073176e-01
   8.1860631e-01
   9.0709487e-02
   6.5779839e-02
   5.8498814e-01
   6.3589825e-01
   1.1930033e-01
   2.8611887e-01
   7.7519955e-02
   1.6320535e-01
   7.2654655e-01
   2.8630237e-01
   7.9918388e-01
   1.8867381e-01
   2.7259284e-01
   2.0952297e-01
   4.1875261e-01
   4.2839408e-01
   5.6479862e-01
   9.2770872e-02
   8.0415680e-01
   4.1337983e-01
   6.0291477e-01
   8.1707102e-01
   1.0693973e-01
   2.8475661e-01
   3.9104183e-01
   4.4358207e-01
   3.1476605e-01
   1.0860198e-01
   4.2331518e-02
   2.1015669e-01
   2.8242694e-01
   6.4815001e-01
   4.2535973e-01
   8.0958022e-01
   2.8575409e-01
   9.1009192e-01
   6.6685148e-01
   6.7755744e-01
   3.0937352e-01
   3.2059788e-01
   1.9468158e-01
   2.5533406e-01
   3.0158765e-01
   3.9443276e-01
   2.4961785e-01
   1.0730823e-01
   7.7129828e-01
   6.5490420e-01
   5.7654477e-01
   2.7373473e-02
   5.9939976e-01
   7.9486439e-01
   2.9111322e-01
   9.6518548e-01
   1.2218165e-01
   9.4254358e-01
   2.7849150e-01
   7.1202487e-01
   4.9527602e-01
   4.8881147e-01
   8.8573411e-01
   3.0149034e-01
   3.5343843e-01
   1.5703113e-01
   3.6374068e-01
   3.2602848e-01
   6.9402622e-01
   5.6825354e-01
   4.5064368e-01
   5.9869342e-01
   8.7297879e-03
   1.8091508e-01
   7.1998922e-01
   7.7648818e-01
   7.8705221e-01
   5.5975072e-02
   8.6622025e-01
   8.3645359e-01
   1.6338911e-01
   6.8330926e-01
   6.0287886e-01
   5.9031746e-01
   2.6684440e-01
   7.8904250e-01
   6.1814394e-01
   4.9424152e-02
   6.3445055e-01
   8.9305341e-01
   9.8750579e-01
   6.6683778e-01
   2.3527635e-01
   9.0398324e-04
   2.8589710e-01
   9.9858260e-01
   4.1922898e-01
   7.8421938e-01
   8.5365998e-01
   7.1451049e-01
   7.1716221e-01
   2.2669860e-01
   6.4798348e-01
   2.8814374e-01
   8.5414455e-01
   6.6838815e-01
   4.1411171e-01
   8.3276497e-01
   9.7478099e-01
   1.1400826e-01
   7.7050826e-01
   4.7502490e-01
   9.7902965e-01
   5.6479151e-01
   7.5022769e-01
   8.0607435e-01
   2.6663629e-01
   6.5419205e-01
   7.6972482e-01
   5.1887192e-01
   9.9375090e-03
   9.2278993e-01
   8.0396395e-01
   5.0551829e-02
   8.8681345e-02
   7.8110225e-01
   9.5311067e-01
   4.3463611e-01
   4.0639844e-01
   7.7907658e-01
   6.6915554e-01
   8.2877664e-01
   5.5386778e-01
   2.2147299e-01
   8.6445864e-01
   9.7277951e-01
   8.4327059e-01
   8.1434158e-01
   1.2523040e-01
   5.5577839e-01
   3.8361120e-01
   1.6558977e-01
   2.8735023e-01
   8.3252969e-01
   5.1942957e-01
   7.1159829e-01
   4.8526794e-02
   6.0900629e-01
   5.2741818e-01
   4.4706772e-01
   2.4457449e-01
   9.3098633e-01
   3.1646777e-01
   2.4720814e-01
   2.1378780e-03
   5.6322773e-01
   4.9521613e-01
   9.6550820e-01
   1.8767836e-01
   3.1887197e-01
   6.4731478e-01
   4.6513670e-01
   5.0766910e-01
   4.2329585e-01
   9.6941800e-01
   3.4209433e-01
   2.5661424e-01
   4.4196985e-01
   4.8690546e-01
   4.2515931e-01
   8.5508924e-01
   1.1180608e-01
   2.3297935e-02
   3.4418755e-01
   6.4731849e-01
   1.6499530e-01
   4.2414077e-01
   7.0089647e-01
   5.0779605e-01
   4.8901109e-01
   8.8915328e-01
   5.9069989e-01
   6.6125295e-01
   8.4899624e-01
   6.6321875e-01
   6.2405594e-01
   3.8960553e-01
   3.4722036e-01
   3.1784036e-01
   3.8718560e-01
   3.6851059e-01
   2.6886629e-01
   3.8059364e-01
   3.2555553e-01
   3.4173732e-01
   8.5160756e-01
   8.9345598e-01
   5.7462822e-01
   2.2596037e-01
   8.4764348e-01
   4.0112955e-01
   1.3346859e-01
   3.9387114e-01
   2.3329919e-01
   4.2028077e-01
   6.0707056e-01
   4.4266781e-01
   8.9114790e-02
   4.5462090e-01
   5.4604068e-01
   3.0162595e-01
   4.5071886e-01
   2.8236420e-01
   8.1001917e-01
   3.9283801e-01
   4.7357824e-01
   7.4198360e-01
   5.8382322e-01
   7.7902973e-02
   3.7720709e-01
   6.5953502e-01
   7.3874751e-01
   5.3460608e-01
   5.1032845e-01
   2.7236494e-01
   6.9177827e-01
   9.1422784e-01
   8.1312682e-01
   7.2675086e-01
   7.2613220e-01
   2.6804680e-01
   2.9817721e-01
   5.3238013e-01
   6.1234889e-01
   2.5852815e-01
   5.2056100e-02
   2.1275904e-01
   3.4973997e-01
   7.9926754e-01
   8.1263517e-01
   1.5626600e-01
   5.6098750e-02
   5.4675924e-01
   4.0740724e-01
   9.6402681e-01
   5.6064825e-01
   6.5012384e-01
   9.8724798e-01
   3.5965351e-01
   5.1699232e-02
   6.3473916e-01
   1.9879891e-01
   9.7675877e-01
   4.6629659e-01
   7.2881855e-01
   9.5374237e-01
   2.8368252e-01
   5.7389775e-01
   7.5669097e-01
   8.1049163e-02
   1.0701904e-01
   2.2975822e-01
   1.0822726e-01
   7.8329465e-01
   4.1233865e-01
   4.5406847e-01
   1.1918783e-01
   5.1802666e-01
   4.0278894e-01
   7.7316723e-01
   3.2935301e-01
   5.0824828e-02
   6.0303560e-01
   4.2271410e-01
   7.0617268e-01
   1.5835889e-01
   1.7644429e-01
   6.8792637e-01
   3.6156286e-01
   6.9818371e-01
   8.0097767e-01
   3.9028775e-02
   5.8484435e-01
   5.0952982e-01
   1.4996406e-01
   9.3072783e-01
   8.6234287e-01
   3.1667648e-01
   7.0132719e-02
   8.4494339e-01
   1.8085541e-01
   7.1371148e-01
   8.5280368e-01
   5.2075960e-01
   6.8810788e-01
   3.9892285e-01
   7.6368413e-01
   6.8611988e-01
   5.8385254e-02
   9.2202406e-01
   9.2002645e-01
   9.6428274e-01
   3.8830724e-01
   5.8342473e-01
   1.5099332e-02
   7.4307140e-01
   3.2965287e-01
   5.2636082e-01
   7.9779909e-01
   9.0443172e-01
   5.4862981e-01
   5.7227494e-01
   4.7576833e-01
   6.9566874e-01
   1.9771596e-01
   8.8370604e-01
   7.2025834e-02
   1.8495813e-01
   1.1260638e-01
   1.3305281e-01
   5.5488167e-01
   7.4018490e-01
   4.5399059e-01
   5.1241489e-01
   9.6134762e-01
   4.3135063e-01
   6.6764450e-01
   3.7780849e-01
   9.4863415e-01
   4.6748977e-01
   4.3836077e-01
   4.2049377e-01
   5.8364391e-01
   4.8917685e-03
   7.6675519e-02
   1.4969024e-01
   6.2134891e-01
   7.2732346e-01
   5.3893476e-01
   7.8029378e-01
   2.5481559e-01
   1.3421271e-01
   4.7577888e-01
   3.9327224e-01
   2.5096920e-01
   2.8458391e-01
   7.1292245e-01
   9.0282344e-01
   2.1938373e-01
   8.0588225e-01
   8.8818001e-01
   2.2979771e-01
   9.8348078e-01
   7.5301417e-01
   3.4731910e-01
   6.9226527e-01
   4.8266025e-01
   2.8943405e-01
   6.7750852e-01
   8.1432789e-01
   2.2944645e-01
   8.1780943e-01
   8.0281403e-01
   8.1039413e-01
   3.8470985e-01
   3.8675725e-01
   7.4357016e-02
   4.7626826e-01
   3.5387897e-01
   3.8751279e-01
   2.6606370e-01
   8.1819242e-01
   8.8331053e-01
   4.6084115e-01
   3.6253365e-01
   3.0330278e-01
   4.5550247e-01
   6.0342786e-01
   3.9533613e-01
   4.3762512e-01
   9.1257927e-01
   9.2737167e-01
   8.8753376e-01
   4.9435583e-01
   6.2839038e-01
   4.7968316e-01
   7.8432759e-01
   8.7875657e-03
   7.6365096e-01
   4.0213032e-01
   1.8459318e-01
   5.9120945e-01
   7.5327040e-01
   7.9214660e-02
   8.0385251e-01
   1.3732370e-01
   4.2198348e-01
   4.0012554e-01
   7.6862372e-01
   2.9493404e-01
   5.4357375e-01
   3.6442250e-01
   4.5708652e-01
   7.5118340e-01
   1.3537508e-01
   6.5607493e-02
   3.3671620e-01
   1.7495253e-01
   6.5161498e-01
   8.9614821e-01
   1.1172475e-01
   5.9015366e-01
   3.8683459e-01
   3.1054030e-01
   1.9016629e-01
   1.6796038e-01
   4.1930476e-01
   8.1613096e-01
   2.2348616e-01
   3.2333208e-01
   8.5717377e-01
   2.7763724e-01
   2.5065947e-01
   4.0706931e-01
   5.9001299e-01
   5.0053373e-01
   9.6338240e-01
   8.2714101e-02
   3.3579400e-01
   1.3497963e-01
   8.0688536e-01
   2.3421653e-01
   3.1305568e-01
   1.3384946e-01
   4.6386260e-01
   4.0337888e-01
   6.1640310e-01
   8.0773079e-01
   2.3909963e-01
   9.0229617e-01
   6.8511442e-01
   3.6258163e-01
   4.6791213e-01
   1.9755842e-01
   7.7096683e-01
   2.7606392e-01
   1.9560360e-01
   8.8395150e-01
   5.2620537e-02
   6.5314266e-04
   8.0524730e-01
   4.6888379e-01
   4.5436107e-01
   4.5553275e-02
   1.2038475e-01
   3.1145003e-01
   5.5717600e-01
   2.6310036e-01
   4.6297221e-01
   2.1192642e-01
   5.0456797e-01
   6.1173419e-01
   3.5179432e-01
   9.3411262e-01
   8.0301425e-01
   5.7749622e-02
   4.4000307e-01
   6.5195341e-01
   9.5490581e-02
   5.9365753e-01
   2.3423506e-01
   6.8069604e-02
   5.6690942e-01
   8.9872826e-01
   3.2695072e-01
   7.9751192e-01
   3.6792072e-01
   7.4471609e-01
   6.9281646e-01
   4.1774308e-01
   7.0054567e-01
   6.5862220e-01
   4.5538406e-01
   8.0567794e-01
   2.0820508e-01
   7.0899893e-01
   7.3286677e-01
   6.3734653e-01
   6.6734660e-01
   5.0438000e-01
   1.4503198e-01
   3.1694588e-01
   4.5457838e-01
   3.9645930e-01
   3.0969807e-01
   6.6237176e-02
   6.6116622e-01
   8.5378853e-01
   8.5599610e-01
   2.3342759e-01
   1.4908120e-01
   8.2772291e-01
   1.2047433e-02
   8.9675759e-01
   7.5172474e-02
   2.6454954e-01
   3.4351057e-01
   1.2764209e-01
   4.5806317e-01
   8.3518994e-01
   9.9384578e-01
   2.7161705e-01
   2.7204543e-01
   3.1690306e-01
   1.9119609e-01
   8.4150988e-01
   7.3021128e-01
   3.3470170e-01
   9.4023458e-01
   3.7122267e-01
   7.3789884e-01
   1.4026661e-01
   4.7495193e-01
   7.1211803e-01
   5.0896030e-01
   5.8353128e-01
   7.0115095e-01
   6.4575901e-01
   3.8333749e-01
   1.3027427e-01
   6.4046588e-01
   9.1003418e-01
   3.2369276e-01
   3.8910926e-02
   2.7568507e-02
   6.6156781e-01
   9.6627056e-01
   9.1755132e-01
   6.5201268e-01
   7.7834309e-01
   3.8914676e-01
   9.3533514e-01
   3.9915186e-01
   3.7124676e-01
   2.5422732e-01
   8.9551277e-01
   2.3822569e-02
   1.1237213e-01
   5.4580227e-01
   4.3045971e-01
   6.2907353e-01
   3.1065399e-01
   7.1322249e-01
   4.2931991e-01
   5.4424490e-01
   5.0190787e-01
   4.7107807e-02
   7.1965784e-01
   4.2721583e-01
   4.5600662e-01
   6.5974762e-01
   4.9644965e-02
   5.2066393e-02
   5.3234315e-02
   5.0702270e-01
   8.2697453e-02
   6.9663791e-01
   3.3608292e-01
   1.1412000e-01
   1.7925746e-01
   1.3146361e-01
   9.1540265e-01
   7.6245694e-01
   3.9235491e-01
   8.8012215e-01
   7.2498887e-01
   3.1102916e-01
   7.7138952e-01
   2.1903565e-01
   8.2090282e-01
   1.2756509e-01
   2.1309692e-01
   7.6592090e-01
   5.5692348e-01
   3.9708000e-01
   5.6863742e-01
   2.4558659e-01
   4.2938214e-01
   2.7069830e-02
   6.0977187e-01
   5.0138705e-01
   6.1137824e-01
   1.5039778e-01
   8.8734417e-01
   2.8870783e-01
   3.3432389e-01
   6.7644682e-01
   1.7567476e-01
   1.6020152e-01
   6.7010890e-01
   2.2486472e-01
   7.7965483e-01
   1.7700619e-01
   9.7401291e-01
   2.6048023e-01
   1.1481271e-01
   7.4968703e-01
   5.5282021e-01
   6.3574758e-02
   7.5792980e-01
   4.5365237e-01
   9.3002337e-01
   4.8183566e-01
   5.1986313e-01
   7.4690585e-01
   3.4500162e-01
   5.0428433e-02
   5.0174668e-01
   9.3002602e-01
   7.3319439e-01
   5.1011552e-01
   6.5734940e-02
   4.7306366e-01
   5.7577709e-01
   8.7092607e-01
   9.9863104e-01
   5.3295484e-02
   3.9980923e-02
   7.5447714e-01
   2.0951602e-01
   3.9608867e-01
   3.4802173e-01
   6.8516100e-01
   3.8817480e-01
   4.7859910e-01
   5.8537935e-01
   9.2354677e-01
   1.0255490e-01
   8.4647194e-01
   2.8156262e-01
   9.3815573e-01
   9.3669741e-01
   2.9746142e-01
   5.5116134e-01
   5.0449049e-01
   5.9450708e-01
   7.7399534e-01
   5.8437403e-01
   4.0483924e-01
   3.5768903e-01
   8.7976389e-01
   5.0966874e-01
   8.2909192e-01
   6.1640582e-01
   8.9771777e-01
   6.8346371e-01
   1.3221781e-01
   5.1337313e-01
   2.2181599e-01
   6.2308740e-01
   4.9388710e-01
   5.3921996e-01
   3.8982864e-01
   6.0932727e-01
   9.3693842e-01
   5.4655709e-01
   3.3198949e-01
   6.4462433e-03
   1.4924769e-01
   6.0173894e-02
   5.0093353e-02
   8.8835875e-01
   3.8064202e-01
   8.2671472e-02
   3.0783547e-02
   5.5038692e-01
   5.7716947e-01
   6.1853687e-01
   4.1515546e-01
   4.6314449e-01
   1.6460077e-01
   4.9496470e-02
   4.1014987e-01
   9.6457734e-01
   6.0955603e-01
   1.5176825e-01
   1.6409551e-01
   6.5907631e-01
   5.7296752e-01
   8.1160949e-01
   9.0236168e-02
   3.8788222e-01
   8.6454496e-01
   6.2956636e-01
   6.8561818e-02
   5.0658986e-01
   2.0511588e-01
   7.0714290e-01
   6.2492239e-01
   2.9996997e-01
   7.1473805e-01
   6.6613977e-01
   8.5609422e-01
   1.5554121e-01
   1.8058699e-01
   2.6628031e-01
   5.9040487e-01
   5.0328322e-02
   8.2894080e-01
   8.7929932e-01
   7.1414964e-01
   3.5571372e-01
   1.0426956e-01
   1.2566542e-02
   7.5305946e-01
   6.5487539e-01
   9.4234614e-01
   8.3239261e-02
   9.6470522e-01
   5.0047873e-01
   7.2126890e-02
   3.4244680e-01
   1.4413682e-01
   7.9143771e-01
   2.0918286e-01
   4.5021625e-01
   5.4374012e-01
   3.2042739e-01
   4.1842163e-01
   4.5006421e-01
   3.9825311e-01
   8.0020793e-01
   5.5632385e-01
   2.0572187e-01
   2.2655254e-01
   6.8870676e-01
   4.0088240e-01
   3.7710931e-01
   2.9189176e-01
   9.5285370e-01
   8.0127622e-01
   1.5755970e-01
   8.9534464e-01
   1.9547094e-01
   8.0318426e-01
   7.7674075e-01
   5.6263874e-01
   5.3771288e-01
   3.7719726e-01
   9.2407030e-01
   1.7308966e-01
   2.5174431e-01
   2.2494651e-01
   3.2109112e-01
   7.3155985e-01
   2.6186571e-01
   1.8819520e-01
   9.5077354e-01
   9.6480615e-01
   3.3297328e-02
   6.1572291e-01
   8.0920260e-01
   1.2705382e-01
   1.1181334e-01
   1.1993595e-01
   5.4021702e-01
   6.4991757e-02
   4.1004587e-01
   3.8145267e-02
   6.3567964e-01
   6.3320244e-01
   2.1508451e-01
   3.9867297e-01
   7.8430875e-02
   8.2452490e-01
   1.2392806e-03
   3.4238726e-01
   2.6024028e-01
   5.3121579e-01
   7.7451832e-02
   4.4452581e-02
   8.9533020e-01
   7.6491341e-01
   7.1677712e-01
   7.7004346e-01
   1.3706214e-01
   6.2283034e-01
   8.4421935e-01
   5.5231879e-02
   7.9859654e-01
   7.9942844e-01
   3.9184275e-01
   7.5571923e-01
   7.4292015e-01
   3.9172934e-01
   9.5198762e-01
   4.0197068e-02
   1.9075841e-01
   3.6568672e-01
   6.4503209e-01
   5.0736166e-01
   9.8418545e-01
   1.3271794e-01
   4.1455520e-01
   6.7950006e-01
   3.7923758e-01
   2.0689836e-01
   4.3866927e-01
   7.8614181e-01
   3.0496921e-01
   4.5769664e-01
   4.1811156e-01
   2.1482884e-01
   6.8056647e-01
   4.4349242e-01
   5.8461888e-01
   1.1127838e-01
   8.7393625e-01
   3.2071453e-01
   2.9485169e-01
   1.5395666e-01
   7.8060753e-01
   3.8375131e-01
   7.9386918e-01
   5.2148005e-01
   6.1977979e-01
   1.1989159e-01
   8.1630518e-03
   3.7868482e-01
   8.1748531e-01
   2.7045366e-01
   1.6452492e-01
   6.4831401e-01
   2.3510104e-01
   3.0139615e-01
   3.0675300e-02
   7.3522718e-01
   3.5729007e-01
   5.8768330e-01
   8.0572093e-01
   7.6106159e-01
   5.1229093e-02
   3.0590209e-01
   8.1318620e-01
   6.2281489e-02
   9.6136446e-01
   4.2524759e-02
   3.6478977e-01
   6.4006190e-01
   6.3742234e-01
   1.6040595e-01
   5.0707121e-01
   1.5422016e-01
   3.2373839e-02
   3.9214263e-01
   5.5969722e-01
   6.9413138e-02
   8.3957500e-01
   4.0633497e-01
   1.5337107e-01
   1.8300354e-01
   6.6022489e-01
   6.5221988e-01
   5.8518760e-02
   4.2632918e-01
   4.4974768e-01
   3.4234626e-01
   7.0546783e-01
   6.1819834e-01
   9.8599426e-01
   3.8785627e-02
   8.2476368e-01
   7.3671362e-01
   9.8111303e-01
   4.0909632e-01
   6.1705614e-01
   7.7511883e-01
   1.2996154e-01
   7.3450923e-01
   9.9757331e-01
   2.4973794e-02
   8.3110978e-01
   4.9815832e-01
   1.4358382e-01
   6.5123014e-01
   2.0932372e-01
   5.9601470e-01
   4.9343253e-01
   8.6959107e-01
   8.4892434e-01
   4.6764670e-01
   8.4174776e-01
   1.6082691e-01
   6.2505939e-01
   4.2450167e-01
   8.4806289e-01
   7.4636822e-01
   1.8436308e-01
   5.3414030e-01
   6.1104737e-01
   3.5957079e-01
   3.6944003e-01
   3.5226210e-01
   7.4755989e-01
   3.0680238e-01
   4.8237368e-01
   5.7953709e-01
   5.3442396e-01
   2.3609777e-01
   2.4344831e-01
   2.8499476e-01
   6.7653632e-01
   9.5070046e-02
   4.3829738e-01
   6.6325213e-01
   3.2400663e-01
   4.1987306e-01
   1.4386866e-01
   9.9855599e-01
   1.7650890e-01
   4.5246587e-01
   3.4398454e-01
   8.5588093e-01
   5.1812306e-01
   9.8595890e-01
   4.0516048e-01
   5.9949331e-01
   8.9212947e-04
   1.7136912e-01
   2.6768898e-01
   2.6290954e-01
   3.6573903e-01
   1.8403889e-01
   6.0591958e-01
   4.5777982e-01
   9.4774509e-01
   1.8076530e-01
   6.9041401e-01
   8.1300959e-01
   2.9006021e-01
   7.0830103e-01
   2.9566137e-01
   5.0939746e-01
   4.5209190e-01
   4.0311086e-01
   5.9771864e-01
   5.8198406e-02
   3.2221178e-01
   2.3415609e-01
   4.8022314e-01
   6.9060139e-01
   7.4943783e-02
   2.5356048e-01
   6.5924708e-02
   1.7119450e-01
   1.2302325e-01
   3.3823578e-02
   6.7168721e-02
   6.7673438e-01
   2.3598813e-01
   4.7888445e-01
   5.0767577e-01
   1.9746020e-02
   2.5483723e-01
   3.5022052e-01
   5.5635501e-01
   1.8522453e-02
   9.9358311e-01
   7.0822769e-02
   3.6849590e-01
   8.9992778e-02
   9.5256405e-01
   5.6136048e-01
   5.7898186e-01
   1.5610655e-01
   1.1075968e-01
   4.0092856e-01
   2.9817516e-01
   8.6190741e-01
   1.0824085e-01
   1.9389952e-02
   1.8884355e-01
   4.3709170e-01
   5.9668846e-01
   5.9353179e-01
   6.0153332e-01
   8.2905647e-01
   1.1314567e-01
   1.2016627e-01
   1.1992477e-01
   2.2933418e-01
   6.7068034e-01
   2.6108968e-01
   2.8377356e-01
   2.7069217e-01
   1.5369935e-01
   8.1473416e-01
   4.3563647e-01
   9.7971084e-01
   7.1392208e-02
   2.0060753e-01
   1.3765658e-01
   1.8884694e-01
   2.7306173e-01
   2.6223773e-01
   8.4466746e-01
   5.8753312e-01
   9.7400398e-01
   6.3899443e-01
   5.5245007e-01
   9.9203708e-02
   4.4449103e-01
   5.1382409e-01
   9.4035061e-01
   2.2528694e-01
   3.7053195e-02
   4.6343415e-01
   6.3176573e-01
   8.2459713e-01
   6.3462817e-01
   6.9951461e-01
   4.9297231e-01
   1.3924186e-01
   1.8292800e-01
   3.5377897e-01
   6.8108790e-01
   9.2709244e-01
   6.3293265e-01
   6.1762203e-01
   9.3029598e-01
   9.3104051e-01
   1.5896521e-01
   1.3441404e-01
   4.2880622e-01
   5.3503705e-01
   8.7517637e-01
   5.1451114e-01
   3.5880925e-01
   1.3806742e-01
   3.9415335e-01
   7.0962012e-01
   3.6660026e-01
   2.3569752e-01
   7.1385347e-01
   6.9712394e-01
   8.2799552e-01
   2.1201313e-01
   2.3087930e-01
   6.4042653e-01
   1.5657698e-01
   4.3215713e-01
   6.7008979e-01
   7.4862508e-01
   2.8410576e-02
   2.3576650e-01
   8.0976489e-02
   2.5021752e-01
   1.0530746e-01
   2.4636018e-01
   9.8149149e-02
   6.4252061e-01
   3.8261429e-01
   2.0899012e-01
   5.1627095e-01
   1.9799734e-01
   7.6957090e-01
   3.3447980e-01
   1.3771260e-01
   2.1736218e-01
   7.0249248e-01
   8.0379623e-01
   4.7566725e-01
   4.7236393e-01
   4.3876934e-01
   5.8412350e-01
   3.5656122e-02
   3.9177575e-01
   8.8439056e-01
   4.4441623e-01
   6.8876386e-01
   7.4529948e-01
   2.3510302e-01
   8.2296779e-01
   9.1207296e-02
   9.7620601e-01
   6.5947205e-01
   1.8392456e-02
   6.6161265e-01
   7.1004930e-01
   1.7774833e-02
   1.7559461e-01
   1.2476507e-01
   8.2772198e-01
   5.1597489e-01
   1.9890218e-01
   2.7460697e-01
   1.2983167e-01
   7.1522872e-01
   9.0049750e-01
   6.9208513e-01
   9.6075785e-01
   5.7435634e-01
   5.2774808e-01
   5.2092320e-01
   6.7921929e-01
   5.5674820e-01
   5.3772912e-01
   6.7423549e-01
   4.0490942e-01
   2.2062137e-01
   3.8863201e-02
   5.8801612e-01
   3.8921993e-01
   2.1922597e-01
   2.4904201e-01
   5.0729203e-01
   6.4354280e-01
   9.6917335e-01
   6.7687683e-01
   2.7748854e-01
   4.8320471e-01
   5.1065948e-01
   6.8431856e-01
   5.7562409e-01
   6.3506617e-01
   3.5541089e-01
   6.5165772e-01
   2.2308838e-01
   3.8851881e-01
   3.5691587e-01
   7.5774953e-01
   4.1455995e-01
   2.9494493e-01
   1.8404143e-01
   9.9378229e-01
   1.4086751e-01
   3.1378004e-01
   8.0232934e-01
   7.5945197e-01
   9.2653683e-01
   8.9285749e-02
   8.6685669e-01
   9.8397680e-01
   5.4162222e-01
   3.8190015e-01
   6.8045119e-01
   4.5117828e-01
   6.1936658e-01
   9.1755720e-02
   1.5257266e-02
   5.5525106e-01
   1.0226881e-01
   9.6565652e-01
   4.9907865e-01
   9.8486949e-01
   5.8376041e-01
   4.9914044e-01
   3.9487533e-01
   8.6318316e-01
   3.3703823e-01
   7.2877028e-01
   1.0914984e-01
   7.6591973e-01
   7.2701460e-01
   7.6670851e-01
   9.4685448e-01
   1.1332791e-01
   1.9856141e-01
   3.6215451e-01
   4.6955046e-01
   5.2202577e-01
   3.2220156e-01
   6.4011037e-01
   7.6144694e-01
   3.9633533e-01
   9.7938246e-01
   2.4299046e-01
   9.4102106e-01
   5.3256053e-01
   4.5343075e-01
   3.3279941e-01
   6.5138334e-01
   1.0532213e-01
   2.5339021e-01
   9.2979115e-01
   2.0630159e-01
   8.1745196e-01
   3.4974782e-01
   7.3174853e-01
   1.7585503e-02
   6.9241155e-01
   3.7919065e-01
   5.3326413e-01
   9.1504926e-01
   9.8050020e-02
   5.2309677e-01
   4.4381494e-01
   7.9889240e-01
   5.8608768e-01
   7.3576246e-01
   5.6889429e-01
   5.5863844e-01
   5.5275597e-01
   9.4548142e-01
   3.3859541e-01
   4.9255330e-01
   1.5504223e-01
   1.6781477e-02
   5.3647871e-01
   7.6150591e-01
   9.3026520e-01
   2.4378221e-01
   7.3243917e-01
   7.0832348e-01
   4.9649299e-01
   2.9903302e-01
   9.3305639e-01
   6.6768747e-02
   5.7358868e-01
   8.8039208e-01
   9.7527581e-01
   3.7932707e-01
   9.1686303e-01
   1.7760897e-01
   1.6819859e-01
   3.6213650e-01
   9.7002027e-02
   9.9093214e-01
   6.7982095e-01
   5.4386541e-01
   9.2976715e-01
   9.9747426e-01
   8.1147087e-01
   1.0233235e-01
   8.1172989e-02
   4.1424881e-01
   5.5475243e-01
   6.6696035e-01
   7.9411833e-01
   6.5512319e-01
   3.3170794e-01
   2.2405834e-01
   2.5481578e-01
   3.5026048e-01
   4.4552881e-01
   4.6996164e-01
   9.0822897e-01
   2.1484831e-02
   8.7840410e-01
   4.2455908e-01
   2.5329683e-01
   8.6306446e-01
   2.7881034e-01
   9.6088974e-01
   3.0959093e-01
   6.6249808e-01
   4.0379140e-01
   9.8117210e-01
   3.4293465e-01
   1.0966826e-01
   1.5753778e-01
   8.2411074e-02
   6.1661389e-01
   6.0349833e-01
   3.4657266e-01
   3.8796758e-01
   5.0896964e-01
   7.1930666e-01
   5.6697884e-01
   7.6607769e-01
   2.4930020e-01
   1.5793794e-01
   3.1295139e-01
   3.8920395e-01
   2.0474477e-01
   5.7025966e-01
   6.2152970e-01
   4.0706354e-01
   4.4427978e-01
   1.2423342e-02
   3.6656883e-01
   2.3740896e-01
   2.3419031e-03
   8.3690245e-01
   5.8829840e-01
   8.5423544e-01
   5.8008493e-01
   2.5176656e-03
   5.6326685e-01
   2.7741990e-02
   2.4003998e-01
   7.8430807e-02
   2.9650016e-01
   8.4863827e-01
   2.5412943e-01
   5.6078149e-01
   3.7208541e-01
   8.5078794e-01
   5.1655017e-01
   1.5594569e-01
   9.6913418e-02
   6.0420135e-02
   2.5391785e-01
   9.9730625e-02
   3.8536157e-01
   6.5646926e-01
   1.9711039e-01
   7.4594162e-01
   9.5143493e-01
   7.7751924e-01
   4.3852813e-02
   5.2679031e-01
   6.0060989e-01
   8.0530315e-01
   5.3795471e-01
   7.2525644e-01
   8.1524201e-01
   5.7555017e-01
   8.9602300e-01
   5.5090596e-01
   2.7983514e-02
   3.3473491e-01
   7.4990446e-01
   7.3271368e-01
   3.2325887e-01
   7.6085310e-01
   3.0805151e-01
   5.2347520e-01
   8.1458853e-01
   2.0217330e-01
   6.5460192e-01
   8.1348768e-01
   4.0774717e-01
   4.3676641e-01
   2.2524705e-01
   4.2280926e-01
   6.3919388e-01
   3.3765938e-01
   3.6408697e-01
   1.4245058e-01
   4.0188406e-01
   6.7395483e-02
   8.7319594e-01
   3.7537953e-02
   2.9194345e-01
   9.2189263e-01
   7.6840995e-01
   9.3833818e-01
   5.4060520e-02
   5.4277510e-01
   2.4125747e-01
   7.2575726e-01
   9.7072502e-01
   7.5733408e-01
   1.1936456e-01
   6.1001255e-01
   2.4427943e-01
   7.1342179e-01
   1.0464773e-01
   2.6281628e-01
   3.2313110e-01
   8.7195835e-01
   8.5777728e-01
   6.6259389e-02
   4.6753436e-01
   3.5948531e-01
   3.0870711e-01
   5.8306790e-01
   5.0056881e-01
   4.8312412e-02
   9.9429986e-01
   7.9776218e-01
   4.7840048e-01
   8.5952384e-01
   8.5972092e-01
   3.6275829e-01
   3.7787352e-01
   9.5167258e-01
   5.5626787e-01
   1.2435571e-01
   1.7270322e-01
   4.6243681e-01
   7.1840075e-01
   5.2087671e-01
   7.7953657e-01
   3.0545944e-01
   1.4347736e-01
   1.1858268e-01
   4.3915327e-01
   1.7127131e-01
   2.3048810e-01
   4.1906946e-01
   5.8474982e-02
   5.1410870e-01
   2.4003548e-01
   2.1800353e-01
   9.9152202e-01
   6.6952818e-01
   9.9315976e-02
   7.2078514e-01
   5.1049216e-01
   2.8593184e-01
   2.5478344e-01
   9.1705266e-01
   4.1632661e-01
   5.1223199e-01
   6.4852887e-01
   9.2592147e-01
   9.0675479e-01
   3.2995473e-01
   1.2669357e-01
   5.8780548e-01
   3.9803614e-01
   3.3822447e-01
   8.2166263e-01
   1.0457653e-01
   8.8598036e-01
   1.8424396e-02
   8.8174038e-01
   2.0050202e-01
   4.5097077e-01
   3.7560557e-01
   2.2376980e-01
   7.4375559e-01
   2.4122353e-01
   3.3146142e-03
   4.4213088e-01
   5.1067394e-01
   7.6636530e-01
   3.5212794e-01
   1.8352871e-01
   6.5321615e-01
   4.8890781e-01
   7.9501390e-01
   9.0514123e-01
   3.3280654e-02
   7.5922185e-01
   9.0119167e-01
   2.8062068e-01
   5.0270777e-01
   3.0364636e-02
   3.5280807e-01
   4.9430926e-01
   8.4056361e-01
   9.9115525e-01
   8.6229884e-01
   5.0726580e-01
   5.1402306e-02
   5.9022287e-01
   4.4649876e-01
   3.0710845e-01
   9.4567990e-02
   7.5972494e-02
   5.8124032e-01
   6.2993892e-01
   3.4994246e-01
   1.0067924e-01
   9.5686098e-01
   2.6259440e-01
   4.0907178e-01
   5.6016679e-01
   1.5333457e-01
   4.9936238e-01
   3.7278448e-01
   5.8403666e-01
   9.1135088e-01
   8.3104429e-01
   6.8526103e-01
   1.6119784e-01
   3.8965844e-01
   4.8797781e-01
   5.7544600e-01
   7.6308930e-01
   3.4366544e-01
   5.6405429e-01
   6.8013445e-01
   6.3460948e-01
   5.4578967e-01
   7.4367952e-01
   6.2937073e-01
   7.9911865e-01
   9.2598825e-02
   2.0944574e-01
   1.8477758e-01
   3.2931108e-01
   4.6441359e-01
   1.0820581e-01
   3.5388169e-01
   2.2448967e-01
   7.9796088e-01
   8.9341574e-02
   4.5339820e-01
   6.5853656e-01
   8.9207476e-01
   5.1805344e-01
   5.8985851e-01
   8.6650897e-01
   5.7581271e-01
   1.6356250e-01
   6.5798908e-01
   7.6359879e-01
   6.6652528e-01
   6.2211787e-01
   1.5222632e-01
   4.9022416e-01
   4.7403076e-01
   2.5957809e-01
   5.6728762e-01
   1.4642346e-01
   5.3876255e-01
   5.7822351e-01
   8.1543858e-01
   6.7146880e-02
   6.8406965e-01
   3.5671806e-01
   1.0630319e-01
   1.2587085e-01
   4.4622260e-02
   9.5730527e-01
   6.3851471e-01
   5.1156225e-01
   6.6194739e-01
   4.4764544e-01
   9.1830161e-01
   6.3681888e-01
   7.4459564e-01
   4.2481433e-01
   6.1682984e-01
   6.0651089e-01
   4.4666583e-01
   2.2646052e-02
   4.4689130e-01
   5.8317883e-01
   3.4167859e-01
   4.5813873e-01
   3.8187642e-01
   5.1522017e-01
   5.8657390e-01
   9.8980372e-01
   9.7414678e-01
   3.7075288e-01
   5.5551364e-02
   5.8139815e-01
   2.3974084e-01
   4.3530123e-01
   8.9184080e-01
   6.5645783e-01
   8.5343488e-01
   1.5497296e-01
   9.2105220e-01
   2.2275408e-01
   5.9389597e-01
   1.2167577e-02
   6.3806706e-01
   3.2222091e-01
   4.5019310e-01
   3.8199427e-01
   6.8899652e-01
   7.1683857e-01
   3.0098392e-01
   7.4113992e-01
   9.8532581e-01
   6.2731140e-01
   4.9255714e-01
   6.7496821e-01
   1.5272258e-01
   1.3852204e-01
   2.3231437e-01
   1.0228547e-01
   4.3951940e-01
   4.2920319e-01
   3.7834747e-01
   1.5504024e-01
   9.4583216e-01
   9.1020495e-01
   2.0321663e-01
   5.3804366e-01
   6.1406439e-01
   4.7578474e-01
   4.4452554e-02
   5.1044326e-01
   4.6472391e-01
   8.8360769e-01
   8.9430712e-01
   8.9930862e-01
   1.2074505e-01
   1.8441337e-01
   2.4594383e-01
   4.3779469e-01
   9.0017864e-01
   7.3427582e-01
   7.6089886e-01
   8.0442956e-01
   8.1167787e-01
   6.2281102e-01
   6.1331318e-01
   4.0236256e-01
   2.0183222e-01
   3.7330432e-02
   1.5131760e-01
   5.9795381e-01
   3.7253862e-02
   1.2949213e-01
   9.3706744e-01
   8.6588342e-01
   3.8975895e-01
   3.6206521e-03
   4.5015169e-01
   5.4214317e-01
   4.0431565e-01
   4.3248761e-01
   2.7017736e-01
   5.2244010e-01
   5.7280055e-02
   2.4304544e-01
   1.5644663e-01
   3.8158715e-01
   5.0741972e-01
   8.5440171e-01
   5.1423170e-01
   7.1264609e-02
   1.5647766e-01
   9.3668119e-02
   6.7652376e-01
   6.4034674e-01
   1.0491198e-01
   8.9167462e-01
   4.8798977e-01
   4.4407693e-01
   6.6045665e-01
   3.1794654e-01
   8.0618962e-01
   2.4692072e-01
   1.2335306e-01
